Explotación    1
 1970    5264.630
 1971    5713.995
 1972    5926.960
 1973    5462.839
 1974    5214.986
 1975    5784.018
 1976    5715.138
 1977    5291.920
 1978    5502.334
 1979    5145.029
 1980    5158.555
 1981    5709.974
 1982    5645.375
 1983    5166.331
 1984    5098.073
 1985    5111.232
 1986    4515.219
 1987    4543.402
 1988    4462.696
 1989    5264.766
 1990    4866.584
 1991    4865.771
 1992    4429.945
 1993    4728.027
 1994    4827.128
 1995    4657.123
 1996    4594.989
 1997    4545.479
 1998    4676.394
 1999    4177.834
 2000    4123.119
 2001    3742.225
 2002    4287.958
 2003    3670.662
 2004    3996.995
 2005    3902.079
 2006    3890.427
 2007    4266.374
 2008    4042.575
 2009    3902.339
 2010    4176.768
 2011    3729.683
 2012    3799.132
 2013    3270.585
 2014    3203.527
 2015    3393.403
 2016    3871.347
 2017    3911.179
 2018    3592.527
 2019    3241.636
Explotación    2
 1970    4773.241
 1971    5204.270
 1972    4916.046
 1973    5562.379
 1974    5308.432
 1975    5058.095
 1976    5472.075
 1977    5060.232
 1978    5025.369
 1979    5915.881
 1980    5576.263
 1981    5446.773
 1982    5933.697
 1983    5492.271
 1984    5261.105
 1985    5902.846
 1986    5459.775
 1987    5597.856
 1988    5156.229
 1989    5546.914
 1990    5612.394
 1991    5954.867
 1992    5725.955
 1993    5232.272
 1994    5736.648
 1995    5605.119
 1996    5817.797
 1997    6126.159
 1998    5594.951
 1999    5413.105
 2000    5956.985
 2001    5780.564
 2002    5486.854
 2003    5935.881
 2004    5551.685
 2005    6188.870
 2006    6190.447
 2007    5515.492
 2008    6381.643
 2009    5603.889
 2010    5727.830
 2011    5618.213
 2012    6125.984
 2013    6054.016
 2014    6319.492
 2015    5993.880
 2016    6265.135
 2017    6058.512
 2018    6181.930
 2019    6295.096
Explotación    3
 1970    4832.728
 1971    5285.845
 1972    5171.499
 1973    5186.652
 1974    4710.909
 1975    4745.064
 1976    4632.812
 1977    4830.648
 1978    4722.338
 1979    5188.705
 1980    5255.451
 1981    4890.652
 1982    4565.439
 1983    4540.670
 1984    5092.220
 1985    4828.108
 1986    4751.386
 1987    5116.271
 1988    4585.064
 1989    4430.763
 1990    4923.422
 1991    4882.871
 1992    4189.884
 1993    3990.211
 1994    3932.258
 1995    4758.358
 1996    3860.438
 1997    4362.801
 1998    4416.312
 1999    4609.641
 2000    3721.430
 2001    4401.886
 2002    3662.943
 2003    4102.078
 2004    3478.742
 2005    3915.984
 2006    3478.880
 2007    3910.361
 2008    3641.221
 2009    4053.540
 2010    3733.750
 2011    3877.442
 2012    3733.150
 2013    3461.466
 2014    3109.454
 2015    3689.187
 2016    3101.291
 2017    3177.052
 2018    3329.338
 2019    3642.699
Explotación    4
 1970    4881.868
 1971    5393.131
 1972    5281.146
 1973    4821.820
 1974    4623.802
 1975    5222.549
 1976    5034.512
 1977    4384.785
 1978    5089.250
 1979    4722.617
 1980    4400.349
 1981    4718.890
 1982    4126.501
 1983    4523.409
 1984    4028.894
 1985    4407.186
 1986    4040.044
 1987    4171.553
 1988    4119.273
 1989    4138.365
 1990    3681.514
 1991    4084.625
 1992    3848.549
 1993    3795.483
 1994    3591.195
 1995    3808.263
 1996    3748.230
 1997    3459.807
 1998    3611.780
 1999    3498.986
 2000    3461.810
 2001    3328.210
 2002    2587.560
 2003    3165.401
 2004    2626.996
 2005    2323.489
 2006    2957.854
 2007    2421.262
 2008    2594.763
 2009    2317.600
 2010    2712.802
 2011    2545.632
 2012    2609.434
 2013    2606.320
 2014    1949.114
 2015    1976.920
 2016    1996.816
 2017    2072.181
 2018    1414.033
 2019    1582.719
Explotación    5
 1970    4672.271
 1971    5603.714
 1972    5318.457
 1973    4877.125
 1974    5289.727
 1975    5760.362
 1976    5617.210
 1977    5532.331
 1978    4840.169
 1979    5556.938
 1980    5165.384
 1981    5192.895
 1982    5447.328
 1983    5583.329
 1984    5214.362
 1985    5868.281
 1986    5150.494
 1987    5181.653
 1988    5758.625
 1989    5791.397
 1990    5473.824
 1991    5905.163
 1992    5280.214
 1993    5645.949
 1994    5432.692
 1995    6096.396
 1996    5854.706
 1997    5635.576
 1998    5601.040
 1999    6023.067
 2000    5908.605
 2001    6022.833
 2002    5739.830
 2003    6173.054
 2004    6243.782
 2005    5841.593
 2006    6131.665
 2007    6242.691
 2008    6126.804
 2009    6301.140
 2010    6234.892
 2011    5682.581
 2012    5872.372
 2013    5554.077
 2014    5844.109
 2015    6307.667
 2016    6202.106
 2017    5903.742
 2018    6170.730
 2019    6317.635
Explotación    6
 1970    5093.342
 1971    5867.009
 1972    5799.356
 1973    5466.354
 1974    5405.770
 1975    5856.861
 1976    6052.797
 1977    5833.077
 1978    5714.271
 1979    5618.996
 1980    6033.948
 1981    5837.699
 1982    5183.743
 1983    5843.367
 1984    5842.122
 1985    5602.681
 1986    6035.188
 1987    5859.140
 1988    5733.408
 1989    5246.318
 1990    5428.914
 1991    6026.707
 1992    5814.668
 1993    5778.540
 1994    5279.060
 1995    5221.388
 1996    5621.942
 1997    5443.099
 1998    5307.465
 1999    5415.963
 2000    5647.842
 2001    5528.622
 2002    5497.274
 2003    5336.711
 2004    5457.299
 2005    5875.827
 2006    5767.898
 2007    5501.524
 2008    5253.232
 2009    5903.601
 2010    5363.660
 2011    5267.057
 2012    5364.805
 2013    5904.154
 2014    5449.746
 2015    5912.185
 2016    5822.769
 2017    5705.147
 2018    5532.733
 2019    5461.947
Explotación    7
 1970    4845.075
 1971    5303.233
 1972    5452.024
 1973    5429.539
 1974    5749.963
 1975    6372.295
 1976    6137.926
 1977    6336.415
 1978    6584.269
 1979    6496.488
 1980    6403.619
 1981    6792.498
 1982    6925.679
 1983    6550.766
 1984    6620.633
 1985    7118.866
 1986    7163.562
 1987    7603.648
 1988    7372.127
 1989    7430.406
 1990    7165.699
 1991    7477.390
 1992    8295.308
 1993    8296.109
 1994    7988.646
 1995    7709.674
 1996    8259.540
 1997    8100.856
 1998    8338.730
 1999    8532.577
 2000    8741.275
 2001    8591.205
 2002    8593.079
 2003    9335.010
 2004    9186.110
 2005    8886.973
 2006    9504.733
 2007    9463.011
 2008    9463.224
 2009    9283.086
 2010    9951.270
 2011   10344.583
 2012   10014.532
 2013   10094.800
 2014   10376.583
 2015   10542.578
 2016   10670.172
 2017   10390.051
 2018   10627.389
 2019   10797.313
Explotación    8
 1970    4963.136
 1971    5488.264
 1972    5689.667
 1973    6390.263
 1974    6018.678
 1975    6510.638
 1976    6599.257
 1977    6745.775
 1978    6993.479
 1979    6869.141
 1980    7829.625
 1981    7413.273
 1982    7502.127
 1983    7591.210
 1984    8525.842
 1985    8604.980
 1986    8404.022
 1987    8614.586
 1988    9269.389
 1989    9272.068
 1990    9023.282
 1991    9384.046
 1992    9468.189
 1993    9384.297
 1994   10114.195
 1995   10233.840
 1996   10824.020
 1997   10697.285
 1998   10372.622
 1999   10475.556
 2000   11197.551
 2001   11484.926
 2002   11119.624
 2003   11222.466
 2004   11398.745
 2005   11841.425
 2006   12669.385
 2007   12912.521
 2008   13026.645
 2009   12811.065
 2010   13280.278
 2011   13062.969
 2012   13457.643
 2013   13460.422
 2014   13885.828
 2015   14415.619
 2016   14323.470
 2017   14299.848
 2018   14998.872
 2019   15210.778
Explotación    9
 1970    4540.068
 1971    5542.433
 1972    5195.214
 1973    5380.748
 1974    5509.813
 1975    5608.084
 1976    5122.721
 1977    5501.211
 1978    5669.776
 1979    5610.157
 1980    5475.821
 1981    5565.334
 1982    5890.305
 1983    5556.344
 1984    5546.971
 1985    5907.783
 1986    5943.832
 1987    5701.583
 1988    6104.316
 1989    5715.331
 1990    5923.994
 1991    5807.065
 1992    5456.991
 1993    5641.061
 1994    6185.647
 1995    5916.903
 1996    6036.065
 1997    5650.103
 1998    5660.120
 1999    5902.917
 2000    6479.477
 2001    6602.369
 2002    5923.359
 2003    6681.031
 2004    6756.271
 2005    6190.736
 2006    6135.859
 2007    6700.854
 2008    6437.504
 2009    6202.308
 2010    6133.180
 2011    6188.892
 2012    6410.287
 2013    6284.702
 2014    6439.339
 2015    6315.939
 2016    7212.422
 2017    7283.071
 2018    6548.448
 2019    6618.727
Explotación   10
 1970    4715.378
 1971    5454.790
 1972    5502.829
 1973    5233.153
 1974    6113.720
 1975    6134.074
 1976    6542.111
 1977    6757.562
 1978    6156.268
 1979    6539.754
 1980    7119.496
 1981    7166.758
 1982    6820.846
 1983    7417.286
 1984    7110.159
 1985    7546.980
 1986    7524.300
 1987    7666.163
 1988    8281.234
 1989    8122.950
 1990    8169.711
 1991    8410.806
 1992    8804.192
 1993    8777.944
 1994    8962.204
 1995    9133.832
 1996   10003.556
 1997    9773.205
 1998    9593.199
 1999   10572.024
 2000   10011.162
 2001    9928.841
 2002   10676.356
 2003   10506.985
 2004   11215.541
 2005   11233.365
 2006   11131.688
 2007   11565.521
 2008   11340.588
 2009   12208.869
 2010   11729.115
 2011   11840.958
 2012   11910.572
 2013   12232.005
 2014   12887.640
 2015   12456.175
 2016   13165.899
 2017   12821.821
 2018   13231.983
 2019   13163.587
Explotación   11
 1970    5317.861
 1971    5815.710
 1972    6292.706
 1973    6624.074
 1974    6410.719
 1975    7023.257
 1976    6420.841
 1977    7097.684
 1978    7260.475
 1979    6750.125
 1980    7771.703
 1981    7905.780
 1982    7826.034
 1983    7991.083
 1984    7454.097
 1985    7798.376
 1986    8576.822
 1987    8388.215
 1988    8935.542
 1989    8334.559
 1990    9074.685
 1991    8845.487
 1992    9194.182
 1993    9174.676
 1994    9833.126
 1995    9863.950
 1996    9381.886
 1997    9815.701
 1998   10419.815
 1999   10233.222
 2000   10639.151
 2001   10579.527
 2002   10932.246
 2003   10535.428
 2004   10694.727
 2005   10505.258
 2006   11570.312
 2007   11395.408
 2008   11289.500
 2009   11758.286
 2010   12103.580
 2011   11933.570
 2012   12070.125
 2013   12601.078
 2014   11802.019
 2015   12505.312
 2016   12224.145
 2017   13089.523
 2018   12994.601
 2019   13111.339
Explotación   12
 1970    5412.463
 1971    5634.999
 1972    6359.665
 1973    6459.458
 1974    6325.525
 1975    6960.141
 1976    6602.446
 1977    6466.889
 1978    6798.974
 1979    6789.669
 1980    7063.870
 1981    7192.586
 1982    7159.785
 1983    7524.745
 1984    8051.413
 1985    8409.012
 1986    8204.021
 1987    8587.720
 1988    8059.431
 1989    8738.575
 1990    8752.435
 1991    8344.834
 1992    9452.815
 1993    8921.520
 1994    9081.935
 1995    9828.673
 1996    9913.834
 1997    9856.558
 1998    9839.335
 1999   10027.472
 2000    9693.312
 2001   10120.701
 2002    9880.125
 2003   10170.564
 2004   10225.633
 2005   10413.591
 2006   11051.675
 2007   10981.115
 2008   10731.964
 2009   10880.466
 2010   11405.466
 2011   11728.845
 2012   11404.433
 2013   11656.317
 2014   11723.825
 2015   11970.446
 2016   12580.737
 2017   12369.920
 2018   12805.918
 2019   12283.691
Explotación   13
 1970    4984.000
 1971    5262.557
 1972    5834.809
 1973    5741.240
 1974    6179.530
 1975    5578.716
 1976    5767.779
 1977    6412.110
 1978    5739.393
 1979    6445.560
 1980    6055.379
 1981    6365.138
 1982    6540.933
 1983    6178.076
 1984    6704.849
 1985    7232.607
 1986    7335.606
 1987    6505.518
 1988    7274.752
 1989    6857.533
 1990    7722.180
 1991    6897.734
 1992    7501.676
 1993    8002.396
 1994    7661.440
 1995    7298.705
 1996    7864.325
 1997    8301.273
 1998    8146.757
 1999    8262.536
 2000    8224.789
 2001    7865.200
 2002    8322.816
 2003    8545.763
 2004    8656.388
 2005    9003.430
 2006    8788.682
 2007    8585.033
 2008    8932.970
 2009    8750.431
 2010    8886.460
 2011    9199.605
 2012    9287.903
 2013    9382.806
 2014    9451.600
 2015    9745.842
 2016    9127.673
 2017    9634.012
 2018    9724.495
 2019    9532.088
Explotación   14
 1970    4888.013
 1971    5051.000
 1972    5713.849
 1973    5715.437
 1974    5892.933
 1975    5562.114
 1976    4988.510
 1977    5920.557
 1978    5328.198
 1979    5031.270
 1980    5057.948
 1981    5936.687
 1982    5386.528
 1983    5366.390
 1984    5406.350
 1985    5508.025
 1986    5860.583
 1987    5790.771
 1988    5945.738
 1989    5981.694
 1990    5788.702
 1991    5652.186
 1992    5732.930
 1993    5285.110
 1994    5270.238
 1995    5804.685
 1996    5746.746
 1997    5466.139
 1998    5799.664
 1999    5849.611
 2000    5795.358
 2001    5474.763
 2002    5720.980
 2003    5387.024
 2004    6080.737
 2005    5810.002
 2006    6054.439
 2007    5808.334
 2008    6021.898
 2009    5877.894
 2010    6077.624
 2011    5433.146
 2012    6205.339
 2013    5949.501
 2014    5567.302
 2015    5438.610
 2016    6003.304
 2017    6312.361
 2018    6138.610
 2019    5386.037
Explotación   15
 1970    4506.994
 1971    4688.932
 1972    5187.478
 1973    5008.726
 1974    5500.357
 1975    5114.735
 1976    5743.482
 1977    5861.271
 1978    5293.202
 1979    5537.825
 1980    5696.055
 1981    5833.772
 1982    6212.175
 1983    5800.461
 1984    5896.788
 1985    5618.255
 1986    6092.151
 1987    6638.701
 1988    6266.833
 1989    6040.845
 1990    6634.312
 1991    6815.620
 1992    6816.442
 1993    6405.463
 1994    6842.541
 1995    6584.495
 1996    7375.719
 1997    7247.338
 1998    7312.463
 1999    6653.784
 2000    6997.857
 2001    7605.423
 2002    7727.007
 2003    6964.126
 2004    6996.525
 2005    7304.035
 2006    7379.419
 2007    8142.644
 2008    7422.756
 2009    8033.831
 2010    8136.256
 2011    8374.708
 2012    7812.469
 2013    8026.026
 2014    8040.212
 2015    8235.707
 2016    8694.151
 2017    8539.684
 2018    8157.586
 2019    9022.948
Explotación   16
 1970    5306.063
 1971    6100.543
 1972    5553.925
 1973    5919.346
 1974    5931.449
 1975    5722.270
 1976    6410.177
 1977    6447.352
 1978    6610.722
 1979    6755.264
 1980    6433.583
 1981    6316.626
 1982    6996.766
 1983    6476.663
 1984    6483.423
 1985    6479.413
 1986    6454.973
 1987    7056.635
 1988    6555.898
 1989    7061.732
 1990    6980.410
 1991    7575.117
 1992    7178.681
 1993    7654.745
 1994    7230.004
 1995    6995.185
 1996    7749.950
 1997    7478.487
 1998    7361.989
 1999    7748.151
 2000    7359.624
 2001    7745.540
 2002    8210.374
 2003    8061.536
 2004    7914.118
 2005    7624.533
 2006    7944.483
 2007    7728.166
 2008    8446.152
 2009    8015.761
 2010    8798.339
 2011    7965.584
 2012    8225.948
 2013    8536.196
 2014    8258.195
 2015    8261.695
 2016    8459.060
 2017    8938.825
 2018    8729.173
 2019    8486.637
Explotación   17
 1970    4611.373
 1971    5447.482
 1972    5252.211
 1973    5332.212
 1974    5899.376
 1975    6221.946
 1976    5641.810
 1977    6298.275
 1978    6488.264
 1979    6621.486
 1980    6700.011
 1981    6457.937
 1982    6911.293
 1983    7462.039
 1984    7839.562
 1985    7861.480
 1986    8227.206
 1987    7989.338
 1988    8143.704
 1989    8558.896
 1990    8690.690
 1991    8740.164
 1992    9236.362
 1993    8848.354
 1994    8575.859
 1995    8752.907
 1996    9391.736
 1997    9177.728
 1998    9323.330
 1999    9460.340
 2000   10187.299
 2001   10162.641
 2002   10746.278
 2003   10931.200
 2004   10898.545
 2005   11078.747
 2006   10702.603
 2007   10864.279
 2008   11155.489
 2009   11497.880
 2010   12051.988
 2011   11951.119
 2012   11644.430
 2013   12088.755
 2014   11877.882
 2015   12718.640
 2016   12334.738
 2017   13097.380
 2018   12794.516
 2019   13572.366
Explotación   18
 1970    4503.360
 1971    5516.255
 1972    5069.522
 1973    5624.185
 1974    5645.598
 1975    5333.274
 1976    4886.730
 1977    5627.399
 1978    5840.836
 1979    5876.703
 1980    5477.763
 1981    5302.042
 1982    5734.804
 1983    5975.307
 1984    5898.499
 1985    5779.443
 1986    5604.443
 1987    6171.663
 1988    6228.094
 1989    6467.926
 1990    6115.111
 1991    6165.495
 1992    5754.831
 1993    6512.829
 1994    5983.847
 1995    6177.833
 1996    6306.271
 1997    6759.668
 1998    6787.070
 1999    6126.690
 2000    6926.021
 2001    7074.207
 2002    6429.961
 2003    6389.101
 2004    6443.118
 2005    7105.487
 2006    7335.572
 2007    7160.312
 2008    7365.513
 2009    6967.261
 2010    7336.372
 2011    6791.181
 2012    7554.560
 2013    7460.354
 2014    6948.550
 2015    7848.486
 2016    7869.976
 2017    7847.554
 2018    7801.564
 2019    7633.410
Explotación   19
 1970    4613.532
 1971    4997.042
 1972    5375.294
 1973    4791.919
 1974    5165.102
 1975    4393.490
 1976    5064.888
 1977    4394.802
 1978    4411.094
 1979    4365.474
 1980    4780.237
 1981    4860.339
 1982    4292.012
 1983    4553.460
 1984    4857.489
 1985    4827.436
 1986    3867.855
 1987    4336.432
 1988    3870.773
 1989    3684.606
 1990    3915.838
 1991    4377.198
 1992    3614.406
 1993    3519.484
 1994    4308.175
 1995    3985.568
 1996    4071.166
 1997    3866.713
 1998    3777.156
 1999    3741.735
 2000    3574.843
 2001    3763.486
 2002    3439.413
 2003    3892.586
 2004    3520.630
 2005    3197.393
 2006    3706.812
 2007    3649.276
 2008    2796.360
 2009    2987.864
 2010    2749.161
 2011    3003.441
 2012    2843.157
 2013    3103.461
 2014    3174.885
 2015    2737.333
 2016    2947.331
 2017    2536.568
 2018    3001.253
 2019    2102.052
Explotación   20
 1970    4833.327
 1971    4862.362
 1972    5191.760
 1973    4785.133
 1974    4984.653
 1975    5716.523
 1976    5655.795
 1977    5384.629
 1978    5295.833
 1979    5278.293
 1980    4887.889
 1981    4754.506
 1982    5386.364
 1983    5416.857
 1984    5304.194
 1985    5161.141
 1986    5255.087
 1987    4606.028
 1988    5251.703
 1989    4507.266
 1990    5138.912
 1991    4611.538
 1992    4420.384
 1993    5097.861
 1994    4841.835
 1995    5206.648
 1996    5006.218
 1997    4779.250
 1998    4510.608
 1999    4837.140
 2000    4255.492
 2001    4888.542
 2002    4949.774
 2003    4468.244
 2004    4786.369
 2005    4900.109
 2006    4923.577
 2007    4740.108
 2008    4563.008
 2009    4441.225
 2010    4021.281
 2011    4415.762
 2012    4858.848
 2013    4190.746
 2014    4783.710
 2015    4131.816
 2016    4132.425
 2017    3771.304
 2018    3791.099
 2019    3877.956
Explotación   21
 1970    4893.044
 1971    5358.069
 1972    5777.765
 1973    5612.952
 1974    5629.607
 1975    6572.712
 1976    6369.117
 1977    6563.563
 1978    6652.965
 1979    7259.887
 1980    6802.188
 1981    7277.262
 1982    7875.724
 1983    7256.246
 1984    7708.567
 1985    7900.625
 1986    7847.179
 1987    8593.449
 1988    8184.859
 1989    9034.925
 1990    9107.364
 1991    9627.515
 1992    9822.286
 1993    9364.742
 1994    9451.702
 1995   10024.665
 1996    9813.757
 1997   10115.956
 1998   10185.389
 1999   10162.235
 2000   11061.230
 2001   10495.736
 2002   11256.024
 2003   11453.934
 2004   11738.903
 2005   11240.108
 2006   12016.558
 2007   11819.393
 2008   12090.355
 2009   12195.270
 2010   12510.267
 2011   12687.685
 2012   12586.243
 2013   12678.323
 2014   13289.599
 2015   13020.412
 2016   13804.365
 2017   13730.283
 2018   13661.690
 2019   13852.154
Explotación   22
 1970    4637.083
 1971    5756.708
 1972    5723.050
 1973    5376.358
 1974    5879.954
 1975    6162.608
 1976    6074.030
 1977    6691.554
 1978    6771.011
 1979    6549.003
 1980    6610.928
 1981    7732.480
 1982    7011.037
 1983    8059.074
 1984    7753.270
 1985    8452.501
 1986    7795.264
 1987    8941.293
 1988    8610.978
 1989    8345.236
 1990    9388.074
 1991    9692.028
 1992    9612.017
 1993    9209.668
 1994   10275.424
 1995    9777.958
 1996   10210.901
 1997   10047.376
 1998   11028.096
 1999   10330.573
 2000   11411.458
 2001   11191.695
 2002   10998.423
 2003   12013.112
 2004   12238.207
 2005   11758.930
 2006   11901.003
 2007   12052.160
 2008   12899.796
 2009   12472.991
 2010   12507.740
 2011   12903.836
 2012   13411.435
 2013   13970.356
 2014   14125.512
 2015   14164.366
 2016   14560.152
 2017   13853.197
 2018   14414.635
 2019   14855.718
Explotación   23
 1970    4599.134
 1971    4669.051
 1972    5102.130
 1973    5318.191
 1974    5096.401
 1975    4913.067
 1976    5073.789
 1977    4766.487
 1978    4391.740
 1979    4464.146
 1980    4862.616
 1981    4378.522
 1982    4659.597
 1983    4137.341
 1984    4029.963
 1985    4782.418
 1986    4743.262
 1987    4101.546
 1988    4221.688
 1989    3886.603
 1990    4563.250
 1991    4418.164
 1992    4409.033
 1993    4402.974
 1994    4016.407
 1995    4423.787
 1996    3715.762
 1997    3396.750
 1998    4210.073
 1999    4167.312
 2000    3936.631
 2001    3328.421
 2002    3584.396
 2003    3219.139
 2004    3787.145
 2005    3706.933
 2006    3030.024
 2007    3681.302
 2008    3144.216
 2009    2786.488
 2010    2910.289
 2011    3083.290
 2012    3154.590
 2013    2951.877
 2014    3397.494
 2015    3329.938
 2016    3362.335
 2017    3313.248
 2018    2760.864
 2019    3276.923
Explotación   24
 1970    5364.730
 1971    6154.162
 1972    6285.511
 1973    5741.945
 1974    5918.156
 1975    6385.037
 1976    6134.025
 1977    6255.838
 1978    6444.235
 1979    6714.051
 1980    6395.262
 1981    6381.977
 1982    6990.589
 1983    6814.523
 1984    6550.506
 1985    7108.600
 1986    6864.931
 1987    7411.647
 1988    6950.337
 1989    7592.850
 1990    7186.695
 1991    6819.391
 1992    7409.438
 1993    7225.519
 1994    7982.621
 1995    7465.652
 1996    7655.893
 1997    7913.936
 1998    7731.939
 1999    7790.095
 2000    8084.652
 2001    7605.499
 2002    8357.218
 2003    8379.606
 2004    8543.249
 2005    7754.205
 2006    8165.428
 2007    8477.687
 2008    8497.745
 2009    8503.620
 2010    8120.705
 2011    8356.126
 2012    8959.531
 2013    9267.438
 2014    9148.848
 2015    8873.092
 2016    9124.229
 2017    8868.755
 2018    8994.086
 2019    9329.165
Explotación   25
 1970    4629.316
 1971    4712.808
 1972    5567.590
 1973    5538.561
 1974    5297.902
 1975    5203.411
 1976    5735.667
 1977    5021.365
 1978    5406.500
 1979    5012.815
 1980    5013.398
 1981    5466.345
 1982    5794.759
 1983    6103.851
 1984    5668.661
 1985    6078.146
 1986    5956.968
 1987    5969.911
 1988    6143.964
 1989    6110.439
 1990    6307.288
 1991    6415.103
 1992    6101.916
 1993    6033.562
 1994    5861.663
 1995    6397.226
 1996    6261.549
 1997    6593.057
 1998    5903.912
 1999    6094.394
 2000    6174.832
 2001    6749.709
 2002    6377.931
 2003    6538.397
 2004    6164.186
 2005    6451.737
 2006    6977.385
 2007    6182.774
 2008    6823.156
 2009    6376.316
 2010    6986.549
 2011    6819.224
 2012    6242.471
 2013    6408.928
 2014    6701.454
 2015    6841.299
 2016    6868.522
 2017    7064.978
 2018    6558.712
 2019    7397.690
Explotación   26
 1970    4758.637
 1971    5686.031
 1972    5848.272
 1973    5824.731
 1974    6349.833
 1975    5933.352
 1976    6322.247
 1977    6668.637
 1978    6626.193
 1979    6454.932
 1980    7265.172
 1981    7162.227
 1982    7139.288
 1983    7802.098
 1984    7834.119
 1985    8198.196
 1986    8444.021
 1987    8188.912
 1988    8763.600
 1989    8735.428
 1990    8429.589
 1991    9382.133
 1992    8989.763
 1993    9617.313
 1994   10032.373
 1995   10127.080
 1996   10060.185
 1997    9934.210
 1998    9868.369
 1999   10480.759
 2000   11101.754
 2001   11354.030
 2002   11536.578
 2003   10806.474
 2004   11138.365
 2005   11419.330
 2006   11806.763
 2007   11560.704
 2008   12245.778
 2009   12472.824
 2010   12612.777
 2011   12994.236
 2012   13373.263
 2013   12855.549
 2014   12836.667
 2015   13673.023
 2016   13493.112
 2017   13917.501
 2018   13799.977
 2019   13758.156
Explotación   27
 1970    4724.008
 1971    5155.319
 1972    5274.817
 1973    6025.577
 1974    6374.434
 1975    5952.297
 1976    6435.465
 1977    6380.160
 1978    6191.461
 1979    7084.528
 1980    7194.082
 1981    6790.428
 1982    6922.329
 1983    7125.155
 1984    7346.872
 1985    8082.770
 1986    7655.314
 1987    8739.009
 1988    8734.261
 1989    8268.506
 1990    8667.530
 1991    9408.141
 1992    9187.103
 1993    9536.500
 1994    9192.787
 1995    9747.908
 1996    9998.637
 1997   10331.317
 1998   10031.671
 1999   10199.222
 2000   10562.439
 2001   10509.749
 2002   11278.120
 2003   11630.578
 2004   11722.820
 2005   11379.219
 2006   11814.132
 2007   11731.581
 2008   11639.784
 2009   12139.373
 2010   12071.377
 2011   12584.682
 2012   13037.226
 2013   13285.348
 2014   12803.635
 2015   12978.475
 2016   13848.359
 2017   13343.431
 2018   14334.467
 2019   14014.181
Explotación   28
 1970    5006.358
 1971    5069.719
 1972    5362.222
 1973    5900.959
 1974    5891.456
 1975    5605.750
 1976    5188.808
 1977    6052.504
 1978    5629.607
 1979    5431.959
 1980    5999.294
 1981    5638.558
 1982    6178.481
 1983    6108.509
 1984    5512.554
 1985    5732.364
 1986    5507.216
 1987    5887.462
 1988    6110.312
 1989    5987.028
 1990    5383.452
 1991    5510.493
 1992    6115.146
 1993    5951.588
 1994    5480.921
 1995    6413.782
 1996    6439.187
 1997    5847.720
 1998    5505.903
 1999    6020.668
 2000    6101.552
 2001    5946.012
 2002    6224.144
 2003    6217.584
 2004    6400.316
 2005    6010.863
 2006    5903.165
 2007    6256.471
 2008    5714.257
 2009    6150.024
 2010    6529.735
 2011    5761.292
 2012    5976.251
 2013    6220.692
 2014    5978.273
 2015    6073.294
 2016    6524.361
 2017    6034.534
 2018    5952.880
 2019    6019.625
Explotación   29
 1970    4868.548
 1971    5091.155
 1972    4905.401
 1973    5666.354
 1974    5706.294
 1975    4698.805
 1976    5543.620
 1977    5071.113
 1978    5374.091
 1979    5237.576
 1980    4550.933
 1981    4850.579
 1982    4717.433
 1983    4651.151
 1984    5365.999
 1985    4539.409
 1986    4747.485
 1987    4605.728
 1988    4807.056
 1989    4254.947
 1990    4675.851
 1991    4520.878
 1992    4610.105
 1993    4971.241
 1994    4283.225
 1995    4519.719
 1996    3992.508
 1997    4871.305
 1998    4527.594
 1999    4501.901
 2000    4393.828
 2001    4730.689
 2002    4083.385
 2003    4559.144
 2004    4350.259
 2005    4331.231
 2006    4245.597
 2007    3714.610
 2008    4133.542
 2009    3843.882
 2010    4242.541
 2011    4216.571
 2012    3457.427
 2013    4254.476
 2014    3965.087
 2015    3923.146
 2016    3734.877
 2017    3212.679
 2018    3358.432
 2019    3745.775
Explotación   30
 1970    4941.841
 1971    4935.586
 1972    5061.851
 1973    5507.549
 1974    4674.268
 1975    5050.141
 1976    4670.563
 1977    4436.686
 1978    4973.649
 1979    5052.300
 1980    4253.705
 1981    4598.771
 1982    4437.137
 1983    4189.570
 1984    4654.875
 1985    4348.547
 1986    4227.465
 1987    4524.129
 1988    3875.798
 1989    3712.132
 1990    3300.249
 1991    4095.114
 1992    3721.099
 1993    3976.184
 1994    3508.415
 1995    3046.313
 1996    2819.244
 1997    2799.515
 1998    3542.021
 1999    3159.135
 2000    3314.888
 2001    2388.210
 2002    3027.134
 2003    2753.706
 2004    2567.365
 2005    2060.808
 2006    2681.149
 2007    2075.504
 2008    2326.651
 2009    2682.454
 2010    1981.986
 2011    1549.514
 2012    2316.498
 2013    2323.823
 2014    1775.879
 2015    1792.018
 2016    1373.600
 2017    1343.632
 2018     990.687
 2019    1375.981
Explotación   31
 1970    5034.951
 1971    5654.215
 1972    5471.149
 1973    5973.936
 1974    6603.792
 1975    6873.686
 1976    6269.928
 1977    7195.418
 1978    7201.599
 1979    7370.883
 1980    7812.614
 1981    7280.191
 1982    8130.679
 1983    7568.365
 1984    8044.680
 1985    8753.723
 1986    8934.658
 1987    9194.543
 1988    9372.025
 1989    8599.062
 1990    9684.412
 1991    9467.554
 1992   10020.037
 1993    9894.311
 1994   10102.845
 1995   10219.059
 1996   10718.562
 1997   10134.344
 1998   10488.036
 1999   11275.646
 2000   10934.384
 2001   11610.991
 2002   11652.711
 2003   12113.536
 2004   11503.968
 2005   11764.735
 2006   11788.786
 2007   12279.164
 2008   12371.483
 2009   13244.332
 2010   13516.816
 2011   13434.840
 2012   12951.021
 2013   13683.080
 2014   13709.379
 2015   14005.912
 2016   14116.088
 2017   14125.597
 2018   14229.151
 2019   14957.425
Explotación   32
 1970    5443.820
 1971    6249.431
 1972    5871.042
 1973    6656.151
 1974    6358.694
 1975    6377.644
 1976    7233.919
 1977    7030.553
 1978    7421.507
 1979    7561.300
 1980    7451.428
 1981    7187.227
 1982    8133.294
 1983    8066.907
 1984    7681.230
 1985    7983.465
 1986    8013.123
 1987    8849.587
 1988    8675.008
 1989    8886.959
 1990    8537.899
 1991    9257.821
 1992    9357.340
 1993    9359.387
 1994    9116.657
 1995    9950.003
 1996    9356.054
 1997   10217.496
 1998    9853.096
 1999    9764.571
 2000   10321.792
 2001    9894.201
 2002   10738.482
 2003   10938.698
 2004   10349.996
 2005   11414.628
 2006   11054.140
 2007   11702.360
 2008   11705.008
 2009   11575.818
 2010   11668.975
 2011   11740.974
 2012   12190.243
 2013   12427.950
 2014   11939.407
 2015   12384.439
 2016   12419.709
 2017   12572.172
 2018   12385.547
 2019   13137.958
Explotación   33
 1970    5209.825
 1971    6099.442
 1972    5089.372
 1973    4985.791
 1974    5265.352
 1975    5011.275
 1976    4895.133
 1977    5056.481
 1978    5003.560
 1979    4709.114
 1980    5109.846
 1981    4365.292
 1982    4812.563
 1983    4259.067
 1984    4812.864
 1985    4643.667
 1986    4091.793
 1987    3914.296
 1988    3890.387
 1989    4202.553
 1990    3942.556
 1991    4322.143
 1992    4201.946
 1993    4217.165
 1994    4153.047
 1995    3683.734
 1996    4099.226
 1997    3425.016
 1998    3154.010
 1999    3507.114
 2000    3291.554
 2001    3530.524
 2002    3064.549
 2003    3573.335
 2004    2901.986
 2005    2697.111
 2006    2531.440
 2007    3249.670
 2008    2710.157
 2009    2264.317
 2010    2191.406
 2011    1947.305
 2012    2490.689
 2013    2317.841
 2014    2407.452
 2015    1653.971
 2016    2061.001
 2017    2181.091
 2018    1697.265
 2019    2186.897
Explotación   34
 1970    4867.174
 1971    5108.332
 1972    5522.939
 1973    5405.664
 1974    4934.796
 1975    4633.994
 1976    4625.277
 1977    4704.589
 1978    5276.113
 1979    4447.850
 1980    4408.985
 1981    4788.051
 1982    4329.310
 1983    4830.192
 1984    4729.847
 1985    4818.377
 1986    4322.789
 1987    4537.660
 1988    4447.984
 1989    3839.542
 1990    4328.696
 1991    4125.272
 1992    3761.378
 1993    4363.048
 1994    4210.245
 1995    3621.471
 1996    3669.337
 1997    3727.107
 1998    3244.684
 1999    3737.443
 2000    3121.685
 2001    3650.870
 2002    3230.996
 2003    2984.175
 2004    3242.948
 2005    3014.671
 2006    2933.884
 2007    2722.073
 2008    3396.095
 2009    3271.020
 2010    2696.046
 2011    2693.376
 2012    2392.247
 2013    2884.081
 2014    2727.345
 2015    2039.858
 2016    2019.595
 2017    2032.811
 2018    2732.910
 2019    1869.157
Explotación   35
 1970    5135.285
 1971    5636.445
 1972    5179.295
 1973    5904.261
 1974    5468.501
 1975    5705.542
 1976    5711.313
 1977    5761.889
 1978    5851.746
 1979    5121.786
 1980    5737.931
 1981    5357.266
 1982    5570.880
 1983    5850.837
 1984    5128.311
 1985    5689.335
 1986    4875.873
 1987    5083.019
 1988    5635.030
 1989    5349.196
 1990    5393.151
 1991    5200.841
 1992    5103.497
 1993    5094.017
 1994    4818.798
 1995    5279.554
 1996    5259.009
 1997    5019.106
 1998    5029.069
 1999    5533.067
 2000    5289.442
 2001    4739.385
 2002    4986.164
 2003    4644.415
 2004    4934.029
 2005    4530.691
 2006    4684.702
 2007    5210.962
 2008    5124.255
 2009    4892.583
 2010    5232.684
 2011    5357.578
 2012    4511.111
 2013    5004.785
 2014    5240.755
 2015    5242.253
 2016    4478.104
 2017    4481.647
 2018    5093.252
 2019    4392.119
Explotación   36
 1970    4756.268
 1971    4916.064
 1972    4900.214
 1973    4992.098
 1974    4793.283
 1975    4809.227
 1976    5282.560
 1977    5089.961
 1978    4574.912
 1979    4641.077
 1980    4172.525
 1981    4724.834
 1982    4885.768
 1983    4206.610
 1984    4103.142
 1985    4603.379
 1986    4592.921
 1987    4321.283
 1988    4408.554
 1989    3656.359
 1990    4028.986
 1991    4263.806
 1992    3379.295
 1993    3911.824
 1994    3631.500
 1995    3723.127
 1996    3189.591
 1997    3554.657
 1998    3708.633
 1999    3095.317
 2000    3585.387
 2001    3697.653
 2002    3050.920
 2003    2912.280
 2004    3286.581
 2005    2665.385
 2006    2717.776
 2007    2746.763
 2008    2438.742
 2009    3023.395
 2010    2796.018
 2011    2765.043
 2012    2668.655
 2013    2178.362
 2014    2318.109
 2015    2542.124
 2016    2062.500
 2017    2532.886
 2018    1806.961
 2019    1684.620
Explotación   37
 1970    4912.183
 1971    5340.653
 1972    5384.716
 1973    6060.374
 1974    5940.079
 1975    6251.059
 1976    6003.580
 1977    5720.622
 1978    6148.758
 1979    5934.233
 1980    6524.343
 1981    6609.292
 1982    6452.333
 1983    6540.731
 1984    6351.106
 1985    6428.811
 1986    6510.928
 1987    6761.246
 1988    6957.687
 1989    6644.605
 1990    6788.624
 1991    7408.029
 1992    6862.265
 1993    7313.249
 1994    7099.767
 1995    7211.255
 1996    7097.863
 1997    7423.232
 1998    7998.275
 1999    7854.614
 2000    7438.221
 2001    8219.424
 2002    8001.006
 2003    8177.571
 2004    7801.592
 2005    7823.616
 2006    8078.985
 2007    8173.414
 2008    8351.707
 2009    8015.220
 2010    8790.940
 2011    8414.943
 2012    9147.070
 2013    9111.229
 2014    8828.919
 2015    9147.675
 2016    8579.947
 2017    8888.446
 2018    8932.820
 2019    8836.971
Explotación   38
 1970    4632.017
 1971    5536.331
 1972    5341.402
 1973    5937.152
 1974    5470.618
 1975    6176.980
 1976    5772.746
 1977    6561.178
 1978    6505.603
 1979    6211.555
 1980    6903.985
 1981    6339.471
 1982    7297.795
 1983    7609.732
 1984    7099.964
 1985    7176.597
 1986    7913.698
 1987    8134.610
 1988    7757.813
 1989    7683.960
 1990    8195.089
 1991    8491.438
 1992    8990.483
 1993    8206.246
 1994    9294.105
 1995    8708.222
 1996    9510.398
 1997    9456.334
 1998    9551.873
 1999   10035.121
 2000    9741.182
 2001   10261.681
 2002   10030.645
 2003    9768.916
 2004   10661.368
 2005   10857.379
 2006   10982.837
 2007   11307.305
 2008   11391.052
 2009   10710.138
 2010   11333.533
 2011   11492.917
 2012   12026.622
 2013   11749.281
 2014   12249.478
 2015   11799.128
 2016   12525.002
 2017   12058.014
 2018   12130.888
 2019   12687.299
Explotación   39
 1970    5244.085
 1971    5604.157
 1972    6366.697
 1973    6607.825
 1974    6477.519
 1975    6650.832
 1976    6758.833
 1977    7173.968
 1978    6562.781
 1979    7585.827
 1980    7135.456
 1981    7995.846
 1982    7782.194
 1983    8178.328
 1984    8220.252
 1985    8071.263
 1986    8255.839
 1987    8644.628
 1988    8255.231
 1989    8894.964
 1990    9110.479
 1991    9493.524
 1992    9589.014
 1993    9700.777
 1994    9347.560
 1995   10040.420
 1996   10187.919
 1997   10417.598
 1998    9881.350
 1999   10373.473
 2000   10713.744
 2001   10893.580
 2002   10630.639
 2003   10606.933
 2004   11398.401
 2005   11859.184
 2006   11467.485
 2007   11412.162
 2008   11810.916
 2009   11916.019
 2010   12615.754
 2011   12279.977
 2012   12107.308
 2013   12279.127
 2014   13282.131
 2015   13015.038
 2016   13209.608
 2017   13565.226
 2018   13672.883
 2019   13298.124
Explotación   40
 1970    5172.815
 1971    5323.842
 1972    5462.772
 1973    5527.198
 1974    5396.975
 1975    4824.821
 1976    4701.278
 1977    5375.694
 1978    5363.479
 1979    5129.349
 1980    5174.193
 1981    4935.751
 1982    4526.832
 1983    4878.600
 1984    4125.477
 1985    4459.396
 1986    4689.146
 1987    4168.630
 1988    3948.217
 1989    3518.180
 1990    3964.162
 1991    3650.097
 1992    4238.911
 1993    3506.221
 1994    3251.494
 1995    3123.495
 1996    2923.483
 1997    3389.756
 1998    3107.689
 1999    3483.479
 2000    3452.448
 2001    2988.601
 2002    3178.589
 2003    2374.476
 2004    2713.650
 2005    2285.429
 2006    2249.187
 2007    2203.932
 2008    2672.663
 2009    2707.839
 2010    1978.617
 2011    2010.704
 2012    2376.062
 2013    2012.650
 2014    2208.571
 2015    2132.226
 2016    2077.562
 2017    1402.387
 2018    1807.634
 2019     866.423
Explotación   41
 1970    4714.250
 1971    5225.620
 1972    5397.322
 1973    6105.531
 1974    5891.561
 1975    6620.759
 1976    6160.567
 1977    6636.639
 1978    6881.712
 1979    6752.099
 1980    7256.881
 1981    7046.347
 1982    7510.029
 1983    7526.871
 1984    7505.138
 1985    8164.101
 1986    8257.964
 1987    8725.635
 1988    8791.256
 1989    8604.369
 1990    8504.762
 1991    9331.567
 1992    9369.002
 1993    9447.469
 1994    9134.252
 1995    9824.321
 1996    9735.304
 1997   10526.515
 1998   10325.408
 1999   10251.271
 2000   11145.271
 2001   10537.166
 2002   11026.961
 2003   10921.664
 2004   11111.145
 2005   11635.854
 2006   11327.313
 2007   11605.408
 2008   12455.302
 2009   12508.620
 2010   12546.865
 2011   12253.936
 2012   12898.857
 2013   13028.838
 2014   13520.047
 2015   13195.471
 2016   13952.660
 2017   13961.860
 2018   14507.875
 2019   14282.001
Explotación   42
 1970    4547.229
 1971    5553.319
 1972    5160.529
 1973    5645.839
 1974    5369.092
 1975    6202.394
 1976    5616.405
 1977    6002.914
 1978    6179.480
 1979    5849.292
 1980    6488.356
 1981    6335.430
 1982    7225.167
 1983    7138.922
 1984    6743.990
 1985    7213.170
 1986    6846.856
 1987    7325.976
 1988    7991.138
 1989    7491.637
 1990    7483.436
 1991    7769.114
 1992    8261.944
 1993    8375.480
 1994    8700.853
 1995    8321.718
 1996    8321.246
 1997    8518.979
 1998    8930.091
 1999    9578.206
 2000    9572.160
 2001    9077.821
 2002    9824.986
 2003    9544.533
 2004   10078.738
 2005    9573.848
 2006    9988.069
 2007    9941.056
 2008   10887.681
 2009   10902.816
 2010   10406.996
 2011   11284.160
 2012   10875.105
 2013   11020.470
 2014   11277.015
 2015   11118.335
 2016   11304.700
 2017   11680.532
 2018   11386.447
 2019   11795.169
Explotación   43
 1970    5184.911
 1971    5209.808
 1972    5955.267
 1973    5201.692
 1974    5192.204
 1975    6056.969
 1976    5470.860
 1977    6064.592
 1978    5226.455
 1979    5988.655
 1980    5603.918
 1981    5652.627
 1982    5630.490
 1983    5893.413
 1984    6153.037
 1985    5978.746
 1986    5991.784
 1987    5442.690
 1988    6144.637
 1989    6085.312
 1990    5334.878
 1991    6120.271
 1992    5518.619
 1993    5891.209
 1994    5326.715
 1995    5202.930
 1996    6056.526
 1997    5785.467
 1998    5396.420
 1999    6010.586
 2000    5635.467
 2001    5320.858
 2002    6007.355
 2003    5292.272
 2004    5214.640
 2005    5756.959
 2006    5841.128
 2007    5800.172
 2008    5771.463
 2009    5580.790
 2010    5247.123
 2011    5627.062
 2012    5576.363
 2013    5809.067
 2014    5200.611
 2015    5190.383
 2016    5617.599
 2017    5151.640
 2018    6101.419
 2019    5353.382
Explotación   44
 1970    4782.992
 1971    5462.639
 1972    4799.961
 1973    5388.711
 1974    5703.036
 1975    4764.265
 1976    5054.595
 1977    4826.476
 1978    5033.490
 1979    5530.213
 1980    5162.571
 1981    5398.564
 1982    4939.396
 1983    4895.576
 1984    4634.388
 1985    5046.820
 1986    4992.061
 1987    4859.358
 1988    4733.973
 1989    4602.784
 1990    4902.792
 1991    5347.801
 1992    4812.734
 1993    5144.270
 1994    4476.340
 1995    4794.195
 1996    5171.203
 1997    4754.047
 1998    4816.658
 1999    4320.765
 2000    5062.982
 2001    4704.949
 2002    4440.669
 2003    4910.381
 2004    4551.023
 2005    5033.919
 2006    4269.074
 2007    4718.645
 2008    4860.341
 2009    4550.620
 2010    4280.275
 2011    4806.064
 2012    4942.766
 2013    4691.557
 2014    4820.617
 2015    4131.362
 2016    4037.623
 2017    4764.566
 2018    4709.439
 2019    4400.315
Explotación   45
 1970    4696.449
 1971    4886.700
 1972    5692.485
 1973    5869.758
 1974    5625.990
 1975    5963.904
 1976    5606.868
 1977    6251.530
 1978    6423.324
 1979    6095.975
 1980    6679.238
 1981    6910.662
 1982    6787.987
 1983    6337.397
 1984    6606.999
 1985    7127.314
 1986    7405.497
 1987    7158.770
 1988    7751.497
 1989    8059.245
 1990    7715.503
 1991    7783.779
 1992    7618.714
 1993    7717.756
 1994    8664.060
 1995    8514.499
 1996    8178.771
 1997    8932.482
 1998    8898.064
 1999    8773.746
 2000    8690.594
 2001    9491.599
 2002    9300.840
 2003    9558.240
 2004    9026.382
 2005    9419.940
 2006    9301.220
 2007   10301.631
 2008    9549.818
 2009   10177.057
 2010   10491.105
 2011   10052.548
 2012   10555.469
 2013   10469.102
 2014   10227.961
 2015   10720.936
 2016   10466.254
 2017   11397.047
 2018   11559.931
 2019   11481.165
Explotación   46
 1970    4541.528
 1971    5146.087
 1972    4970.638
 1973    5605.937
 1974    5494.309
 1975    5756.955
 1976    6466.022
 1977    6173.438
 1978    7119.760
 1979    6352.389
 1980    6567.738
 1981    7351.189
 1982    7213.168
 1983    7909.262
 1984    7565.155
 1985    7569.956
 1986    8669.797
 1987    8100.509
 1988    8491.609
 1989    9122.771
 1990    9462.534
 1991    9273.887
 1992    9089.955
 1993    9167.141
 1994    9827.629
 1995   10074.750
 1996    9848.520
 1997    9984.213
 1998   11017.732
 1999   10767.463
 2000   10920.855
 2001   11383.759
 2002   11807.501
 2003   12044.904
 2004   11503.109
 2005   11970.010
 2006   12550.236
 2007   12845.526
 2008   12185.605
 2009   13328.564
 2010   13421.276
 2011   13045.732
 2012   13687.492
 2013   14156.358
 2014   13810.385
 2015   14432.251
 2016   14550.029
 2017   14466.088
 2018   15069.139
 2019   14953.304
Explotación   47
 1970    5436.246
 1971    5996.143
 1972    6307.301
 1973    6582.284
 1974    5853.233
 1975    6328.744
 1976    5869.807
 1977    6154.886
 1978    6108.486
 1979    6899.572
 1980    6314.561
 1981    6658.357
 1982    6481.895
 1983    6306.250
 1984    6870.477
 1985    6465.576
 1986    6941.452
 1987    6626.481
 1988    6547.538
 1989    7369.642
 1990    7108.392
 1991    6918.835
 1992    6668.512
 1993    7115.295
 1994    6823.792
 1995    7162.678
 1996    7460.650
 1997    7106.426
 1998    7303.686
 1999    7274.261
 2000    7378.582
 2001    7318.538
 2002    7790.556
 2003    7625.812
 2004    7410.508
 2005    7440.980
 2006    8208.954
 2007    8191.398
 2008    7766.650
 2009    7653.758
 2010    7907.537
 2011    7790.580
 2012    7736.520
 2013    8774.589
 2014    8228.494
 2015    8652.297
 2016    8139.887
 2017    8710.704
 2018    8069.036
 2019    8167.715
Explotación   48
 1970    4652.297
 1971    5273.480
 1972    5057.793
 1973    5098.162
 1974    5647.854
 1975    5402.562
 1976    5867.542
 1977    5872.618
 1978    6268.882
 1979    6364.994
 1980    5794.839
 1981    6297.107
 1982    5989.788
 1983    6950.075
 1984    6586.491
 1985    6927.607
 1986    7143.771
 1987    7287.160
 1988    7307.004
 1989    6919.739
 1990    7239.616
 1991    7483.032
 1992    7672.555
 1993    8070.494
 1994    7303.647
 1995    7996.376
 1996    7773.181
 1997    7615.497
 1998    8504.272
 1999    8230.050
 2000    8446.550
 2001    8259.345
 2002    8989.845
 2003    8586.768
 2004    9144.908
 2005    8909.572
 2006    8695.753
 2007    9119.588
 2008    9595.912
 2009    9246.437
 2010    9687.674
 2011    9667.920
 2012    9737.787
 2013   10098.357
 2014   10282.581
 2015    9596.879
 2016   10088.031
 2017    9956.480
 2018   10065.316
 2019   10360.556
Explotación   49
 1970    5010.729
 1971    6150.801
 1972    5355.766
 1973    6185.220
 1974    5820.924
 1975    6095.726
 1976    6691.540
 1977    6516.521
 1978    6985.231
 1979    6592.926
 1980    7102.648
 1981    6999.344
 1982    7770.596
 1983    7191.059
 1984    7917.158
 1985    7442.018
 1986    7760.282
 1987    7832.939
 1988    7968.649
 1989    8845.848
 1990    8916.312
 1991    9203.526
 1992    9421.238
 1993    9489.083
 1994    9751.319
 1995    9156.252
 1996    9854.026
 1997    9349.017
 1998    9629.617
 1999    9703.909
 2000   10306.278
 2001   10314.040
 2002   10773.958
 2003   10616.459
 2004   10519.402
 2005   11289.584
 2006   11726.516
 2007   11213.025
 2008   12005.678
 2009   12088.356
 2010   11676.913
 2011   12547.810
 2012   12694.290
 2013   12593.094
 2014   12768.123
 2015   12498.535
 2016   12507.196
 2017   13077.282
 2018   13507.368
 2019   12960.135
Explotación   50
 1970    5122.107
 1971    6145.607
 1972    5731.793
 1973    6249.016
 1974    5722.784
 1975    5842.027
 1976    6454.633
 1977    7014.330
 1978    6354.170
 1979    6535.670
 1980    6509.278
 1981    7446.601
 1982    7518.810
 1983    7635.711
 1984    7894.968
 1985    7731.470
 1986    7318.505
 1987    8124.355
 1988    8532.550
 1989    8555.340
 1990    8089.748
 1991    8393.091
 1992    8176.287
 1993    8854.744
 1994    9178.533
 1995    8601.881
 1996    9298.287
 1997    9308.568
 1998    9596.559
 1999    9358.354
 2000    9351.297
 2001   10224.631
 2002    9864.898
 2003   10331.646
 2004   10467.716
 2005   10874.889
 2006   10731.648
 2007   10806.131
 2008   11131.194
 2009   10978.336
 2010   11374.477
 2011   10815.259
 2012   11553.275
 2013   11892.022
 2014   11696.189
 2015   11843.325
 2016   12255.442
 2017   12193.378
 2018   12577.095
 2019   12202.159
Explotación   51
 1970    4751.151
 1971    5184.926
 1972    4965.986
 1973    5058.171
 1974    5229.446
 1975    4677.233
 1976    4453.147
 1977    5065.118
 1978    4276.542
 1979    4499.267
 1980    4656.297
 1981    4677.181
 1982    4504.599
 1983    4727.801
 1984    3914.279
 1985    3865.834
 1986    4462.346
 1987    3871.096
 1988    4539.262
 1989    4230.111
 1990    4156.540
 1991    3463.831
 1992    3920.972
 1993    3919.027
 1994    4034.852
 1995    3530.233
 1996    3222.288
 1997    3407.993
 1998    3381.370
 1999    3730.702
 2000    3791.053
 2001    2915.505
 2002    3408.942
 2003    3418.172
 2004    3379.046
 2005    3594.199
 2006    3496.421
 2007    2966.545
 2008    3156.402
 2009    2897.062
 2010    2995.027
 2011    2316.684
 2012    2214.703
 2013    3043.352
 2014    2976.717
 2015    2852.792
 2016    2874.755
 2017    2826.314
 2018    2497.005
 2019    2620.911
Explotación   52
 1970    4743.892
 1971    5316.716
 1972    4915.429
 1973    5257.697
 1974    4531.792
 1975    5015.206
 1976    4526.109
 1977    5047.108
 1978    4257.443
 1979    5116.623
 1980    4136.674
 1981    4902.655
 1982    4521.794
 1983    4165.347
 1984    4134.241
 1985    4104.906
 1986    3847.041
 1987    3677.583
 1988    4375.729
 1989    3882.460
 1990    4296.472
 1991    4360.479
 1992    3909.344
 1993    3446.852
 1994    4115.680
 1995    3887.203
 1996    3643.987
 1997    3683.035
 1998    3743.868
 1999    2940.287
 2000    2929.108
 2001    2804.874
 2002    3581.923
 2003    3220.829
 2004    3078.127
 2005    2472.736
 2006    2426.752
 2007    2344.723
 2008    2467.239
 2009    2363.517
 2010    2880.455
 2011    2832.687
 2012    2769.536
 2013    2169.376
 2014    2042.680
 2015    2431.298
 2016    2707.494
 2017    2515.664
 2018    2199.467
 2019    1656.092
Explotación   53
 1970    4943.395
 1971    5655.568
 1972    4945.328
 1973    5494.473
 1974    5520.365
 1975    5231.886
 1976    5319.415
 1977    4958.191
 1978    5426.467
 1979    5295.514
 1980    4899.866
 1981    4813.704
 1982    5221.106
 1983    4978.529
 1984    4540.992
 1985    4406.022
 1986    4516.471
 1987    4383.762
 1988    4497.033
 1989    4795.261
 1990    4651.333
 1991    4199.796
 1992    4774.027
 1993    4420.870
 1994    4466.883
 1995    4352.877
 1996    3807.863
 1997    4311.086
 1998    3527.325
 1999    4404.470
 2000    4121.406
 2001    4213.095
 2002    3783.243
 2003    3821.418
 2004    3972.955
 2005    3409.541
 2006    3656.490
 2007    3686.327
 2008    3696.376
 2009    3143.303
 2010    3186.114
 2011    3268.387
 2012    3574.283
 2013    3325.961
 2014    3322.469
 2015    3190.059
 2016    3319.603
 2017    3105.451
 2018    3414.757
 2019    2472.026
Explotación   54
 1970    4666.042
 1971    5542.774
 1972    5534.013
 1973    5783.129
 1974    5183.831
 1975    5298.417
 1976    5661.448
 1977    5621.439
 1978    5693.801
 1979    6390.915
 1980    6278.797
 1981    6431.603
 1982    6141.440
 1983    6891.954
 1984    6279.008
 1985    6996.247
 1986    7138.587
 1987    6975.045
 1988    6835.722
 1989    6738.547
 1990    7014.865
 1991    7607.572
 1992    7723.743
 1993    7720.354
 1994    7271.049
 1995    8324.345
 1996    7563.451
 1997    7727.980
 1998    8472.533
 1999    8692.893
 2000    8770.197
 2001    8546.208
 2002    8465.829
 2003    9037.486
 2004    8394.825
 2005    8693.347
 2006    9458.906
 2007    8726.595
 2008    9270.131
 2009    8995.832
 2010    9358.916
 2011    9223.823
 2012    9221.401
 2013   10028.288
 2014    9879.025
 2015    9710.890
 2016   10357.687
 2017   10594.905
 2018   10035.982
 2019   10720.850
Explotación   55
 1970    5230.202
 1971    5545.287
 1972    5938.193
 1973    5533.123
 1974    5526.822
 1975    5651.051
 1976    6576.950
 1977    6175.631
 1978    6233.033
 1979    5991.913
 1980    6507.656
 1981    6613.207
 1982    6621.823
 1983    6441.297
 1984    6370.760
 1985    6856.263
 1986    6729.353
 1987    6765.692
 1988    6526.754
 1989    6706.509
 1990    6862.805
 1991    6745.385
 1992    7288.929
 1993    6641.850
 1994    7191.483
 1995    6896.127
 1996    6857.690
 1997    7867.357
 1998    7358.790
 1999    7876.954
 2000    7691.185
 2001    7479.458
 2002    8003.408
 2003    8045.118
 2004    8062.374
 2005    8107.088
 2006    7632.640
 2007    7604.604
 2008    8415.501
 2009    8172.097
 2010    8290.193
 2011    8146.471
 2012    8634.992
 2013    8222.376
 2014    8392.086
 2015    8726.178
 2016    8820.687
 2017    8250.638
 2018    8457.646
 2019    8632.957
Explotación   56
 1970    5341.481
 1971    5697.448
 1972    5822.761
 1973    6567.386
 1974    6090.960
 1975    6407.776
 1976    6741.703
 1977    6665.743
 1978    6614.229
 1979    7413.689
 1980    7555.849
 1981    7434.126
 1982    7260.973
 1983    7668.621
 1984    7621.728
 1985    8092.628
 1986    8125.639
 1987    8548.716
 1988    8804.713
 1989    8958.560
 1990    8257.480
 1991    8836.238
 1992    8629.349
 1993    9034.576
 1994    9299.774
 1995    9092.307
 1996    9797.367
 1997    9365.647
 1998   10054.141
 1999   10154.043
 2000    9820.161
 2001    9894.977
 2002    9909.605
 2003   10389.479
 2004   10233.676
 2005   11244.524
 2006   11196.014
 2007   11480.925
 2008   11591.530
 2009   11143.218
 2010   11954.960
 2011   11522.241
 2012   11433.166
 2013   11951.258
 2014   12109.265
 2015   12347.321
 2016   11981.464
 2017   12617.545
 2018   12835.935
 2019   12939.347
Explotación   57
 1970    4638.372
 1971    5102.758
 1972    5786.230
 1973    5028.474
 1974    5522.423
 1975    5451.850
 1976    5437.548
 1977    6179.637
 1978    5594.020
 1979    6234.243
 1980    6583.548
 1981    6471.480
 1982    6070.795
 1983    6872.684
 1984    6340.007
 1985    6756.692
 1986    7100.292
 1987    7091.025
 1988    6465.359
 1989    7005.519
 1990    6586.522
 1991    7626.912
 1992    7573.065
 1993    7694.352
 1994    7273.938
 1995    7496.002
 1996    7835.375
 1997    7788.596
 1998    7699.744
 1999    7479.200
 2000    7911.576
 2001    7961.353
 2002    8688.473
 2003    8506.301
 2004    8856.665
 2005    8543.428
 2006    9090.529
 2007    8339.023
 2008    8898.819
 2009    8492.800
 2010    8664.417
 2011    9132.926
 2012    9471.603
 2013    9728.769
 2014    9044.729
 2015    9495.271
 2016    9907.196
 2017    9221.160
 2018   10143.946
 2019    9511.430
Explotación   58
 1970    4938.029
 1971    5210.785
 1972    5945.385
 1973    5961.067
 1974    6139.067
 1975    6394.476
 1976    6647.979
 1977    6868.121
 1978    7395.242
 1979    7316.196
 1980    7412.589
 1981    8075.184
 1982    7912.301
 1983    7947.075
 1984    7980.247
 1985    8107.144
 1986    8472.184
 1987    8300.050
 1988    8839.376
 1989    8893.202
 1990    9160.352
 1991    9741.417
 1992    9312.361
 1993    9769.680
 1994   10520.044
 1995   10478.204
 1996   10890.832
 1997   10540.062
 1998   10730.509
 1999   11165.834
 2000   11306.495
 2001   10979.636
 2002   12058.401
 2003   11471.436
 2004   11956.106
 2005   12409.189
 2006   11954.445
 2007   12699.226
 2008   12818.781
 2009   12785.457
 2010   13307.669
 2011   13731.946
 2012   13155.735
 2013   13390.607
 2014   14480.838
 2015   14587.929
 2016   14054.383
 2017   14373.921
 2018   14441.784
 2019   14598.630
Explotación   59
 1970    5141.580
 1971    5858.480
 1972    5122.379
 1973    5570.189
 1974    5033.195
 1975    4867.224
 1976    5509.427
 1977    5126.540
 1978    5035.506
 1979    5147.483
 1980    5262.101
 1981    4739.388
 1982    4621.938
 1983    4732.999
 1984    4447.200
 1985    4126.491
 1986    4080.238
 1987    3807.705
 1988    4462.816
 1989    4013.618
 1990    4453.362
 1991    4345.565
 1992    3705.126
 1993    3963.012
 1994    3354.755
 1995    3486.657
 1996    3476.753
 1997    3118.427
 1998    2843.195
 1999    3122.660
 2000    3200.743
 2001    2659.519
 2002    3403.357
 2003    3201.522
 2004    3078.507
 2005    2664.808
 2006    2729.898
 2007    2811.198
 2008    2327.716
 2009    2542.634
 2010    2774.287
 2011    2278.333
 2012    1900.414
 2013    2311.207
 2014    1625.456
 2015    2314.931
 2016    1434.199
 2017    2073.499
 2018    1898.536
 2019    1407.202
Explotación   60
 1970    5137.417
 1971    5308.801
 1972    5005.566
 1973    5029.765
 1974    5230.836
 1975    5110.692
 1976    5329.609
 1977    5163.151
 1978    4991.191
 1979    5338.156
 1980    5257.748
 1981    5327.090
 1982    5247.545
 1983    4830.396
 1984    4292.083
 1985    4341.809
 1986    4578.189
 1987    4905.361
 1988    4158.358
 1989    4762.488
 1990    3864.440
 1991    3857.521
 1992    4049.343
 1993    4484.497
 1994    3615.088
 1995    3933.791
 1996    3865.312
 1997    3418.122
 1998    3987.070
 1999    3790.240
 2000    3160.532
 2001    3132.841
 2002    3221.550
 2003    3631.875
 2004    3448.975
 2005    2937.950
 2006    2617.023
 2007    3295.932
 2008    3196.526
 2009    2971.557
 2010    2390.839
 2011    2765.190
 2012    2966.863
 2013    2971.145
 2014    2418.938
 2015    1965.432
 2016    2363.631
 2017    2391.929
 2018    2483.731
 2019    1879.947
Explotación   61
 1970    4507.192
 1971    4853.941
 1972    4939.122
 1973    6019.851
 1974    5290.665
 1975    6305.955
 1976    5727.979
 1977    6133.986
 1978    6347.741
 1979    6387.143
 1980    7053.535
 1981    6550.798
 1982    7493.590
 1983    7451.953
 1984    7102.212
 1985    7476.787
 1986    7397.478
 1987    7885.269
 1988    7642.160
 1989    8161.018
 1990    8062.297
 1991    8311.040
 1992    8378.912
 1993    8551.016
 1994    9539.068
 1995    9201.482
 1996    9827.819
 1997   10132.003
 1998    9979.881
 1999    9721.446
 2000    9661.728
 2001   10417.082
 2002   10120.106
 2003   10288.012
 2004   10733.517
 2005   10777.080
 2006   11390.105
 2007   10955.953
 2008   11611.614
 2009   11769.968
 2010   11649.453
 2011   11616.875
 2012   12527.193
 2013   12685.646
 2014   12248.311
 2015   12390.139
 2016   12559.075
 2017   13308.149
 2018   13456.727
 2019   13055.964
Explotación   62
 1970    5301.060
 1971    5614.685
 1972    5805.984
 1973    6363.999
 1974    6299.864
 1975    5756.522
 1976    6198.772
 1977    6483.328
 1978    6391.272
 1979    6590.217
 1980    6642.885
 1981    6214.370
 1982    6548.126
 1983    6368.168
 1984    6194.220
 1985    6027.401
 1986    6685.896
 1987    6388.245
 1988    6151.848
 1989    6414.260
 1990    6154.381
 1991    6758.412
 1992    7077.209
 1993    6489.030
 1994    6350.557
 1995    6407.669
 1996    6682.107
 1997    6544.437
 1998    7099.806
 1999    6570.521
 2000    7266.121
 2001    6583.770
 2002    6700.359
 2003    6589.006
 2004    7461.910
 2005    6738.652
 2006    7327.892
 2007    7058.818
 2008    7121.138
 2009    6918.529
 2010    7046.375
 2011    7146.304
 2012    7027.580
 2013    7024.375
 2014    7534.262
 2015    7592.770
 2016    7313.656
 2017    7633.226
 2018    8014.170
 2019    7933.655
Explotación   63
 1970    4515.835
 1971    5220.205
 1972    5273.269
 1973    4576.057
 1974    4983.442
 1975    4367.257
 1976    4606.142
 1977    5004.686
 1978    4780.518
 1979    4634.370
 1980    4791.672
 1981    4035.077
 1982    4382.249
 1983    4767.166
 1984    4521.848
 1985    3913.412
 1986    4383.809
 1987    3810.069
 1988    4418.521
 1989    4122.042
 1990    3657.236
 1991    4124.344
 1992    4260.475
 1993    3668.499
 1994    3790.868
 1995    3897.326
 1996    3602.848
 1997    3766.042
 1998    4013.580
 1999    3851.485
 2000    3965.752
 2001    3912.075
 2002    3216.144
 2003    3158.653
 2004    3367.239
 2005    3522.334
 2006    3669.029
 2007    3635.764
 2008    2995.268
 2009    3636.037
 2010    3501.888
 2011    3311.621
 2012    2950.630
 2013    3240.256
 2014    2434.782
 2015    3292.161
 2016    2718.042
 2017    2949.560
 2018    2531.764
 2019    3094.829
Explotación   64
 1970    5359.271
 1971    5556.553
 1972    5866.245
 1973    6510.193
 1974    6012.603
 1975    6657.150
 1976    6216.107
 1977    7262.294
 1978    7169.243
 1979    6912.995
 1980    6811.027
 1981    7693.966
 1982    7900.916
 1983    7753.848
 1984    7632.552
 1985    7664.974
 1986    8222.662
 1987    7958.287
 1988    8254.222
 1989    8665.272
 1990    8863.389
 1991    9245.768
 1992    8542.999
 1993    8763.637
 1994    9685.216
 1995    9306.849
 1996    9753.708
 1997    9779.499
 1998    9886.435
 1999    9799.180
 2000    9975.243
 2001    9709.250
 2002   10815.444
 2003   10297.491
 2004   10689.268
 2005   10933.979
 2006   10449.140
 2007   11400.330
 2008   10726.870
 2009   11537.202
 2010   11433.914
 2011   11110.750
 2012   11363.739
 2013   11989.373
 2014   11668.164
 2015   11776.118
 2016   11800.234
 2017   12776.310
 2018   12341.026
 2019   13170.756
Explotación   65
 1970    5245.801
 1971    6257.509
 1972    5910.460
 1973    5832.979
 1974    6376.502
 1975    6129.316
 1976    6448.403
 1977    6124.194
 1978    6912.078
 1979    6637.883
 1980    7018.491
 1981    6661.219
 1982    6770.828
 1983    6728.220
 1984    7394.461
 1985    7675.422
 1986    7566.925
 1987    7820.613
 1988    7323.092
 1989    8265.112
 1990    7566.797
 1991    7756.385
 1992    7926.476
 1993    8423.399
 1994    7983.929
 1995    8567.253
 1996    8269.878
 1997    9052.054
 1998    8873.476
 1999    9277.413
 2000    9012.726
 2001    9195.193
 2002    9695.967
 2003    8960.229
 2004    9184.786
 2005   10083.730
 2006    9425.222
 2007    9637.992
 2008   10437.938
 2009    9880.387
 2010    9901.956
 2011   10187.639
 2012   10434.495
 2013   10117.994
 2014   10450.790
 2015   10525.695
 2016   11239.612
 2017   10814.587
 2018   11165.116
 2019   11275.754
Explotación   66
 1970    5258.721
 1971    6400.312
 1972    5743.559
 1973    6275.138
 1974    6122.918
 1975    6352.573
 1976    6747.591
 1977    6408.706
 1978    7364.314
 1979    6876.198
 1980    7687.560
 1981    7852.508
 1982    7728.398
 1983    7411.672
 1984    7783.598
 1985    8346.708
 1986    8116.526
 1987    8041.477
 1988    8282.151
 1989    8901.479
 1990    8538.628
 1991    8706.215
 1992    8919.340
 1993    9510.064
 1994    9393.206
 1995    9946.525
 1996   10187.912
 1997    9769.963
 1998    9889.355
 1999   10125.997
 2000   10945.520
 2001   10250.136
 2002   10533.968
 2003   11488.841
 2004   11632.931
 2005   10960.749
 2006   11191.981
 2007   12106.597
 2008   11642.070
 2009   11942.700
 2010   12216.054
 2011   12082.019
 2012   12917.124
 2013   12145.744
 2014   13170.074
 2015   12658.103
 2016   13556.258
 2017   13431.136
 2018   13096.924
 2019   13596.143
Explotación   67
 1970    4875.393
 1971    5490.401
 1972    5513.692
 1973    5174.770
 1974    5126.850
 1975    4954.371
 1976    5318.071
 1977    5248.812
 1978    5419.954
 1979    5026.189
 1980    5251.297
 1981    4850.528
 1982    5343.203
 1983    4944.657
 1984    4817.707
 1985    5386.732
 1986    5200.098
 1987    4657.066
 1988    5144.665
 1989    5438.006
 1990    4844.971
 1991    4908.801
 1992    4922.990
 1993    4608.648
 1994    4696.863
 1995    4533.540
 1996    4786.544
 1997    5248.672
 1998    4444.131
 1999    4736.967
 2000    4661.000
 2001    5100.102
 2002    4306.011
 2003    4241.530
 2004    4716.018
 2005    4661.267
 2006    4678.158
 2007    4783.455
 2008    4718.295
 2009    4793.457
 2010    4267.217
 2011    4975.382
 2012    4321.329
 2013    4857.395
 2014    4746.813
 2015    4419.808
 2016    4659.643
 2017    4770.188
 2018    3931.916
 2019    4307.412
Explotación   68
 1970    5166.308
 1971    5784.440
 1972    5698.873
 1973    6032.243
 1974    6466.644
 1975    5910.142
 1976    6263.795
 1977    6587.699
 1978    6909.664
 1979    6658.876
 1980    7130.708
 1981    6677.567
 1982    7232.772
 1983    7036.178
 1984    7346.984
 1985    7540.497
 1986    7376.121
 1987    7197.181
 1988    7221.995
 1989    7746.454
 1990    7806.011
 1991    8248.414
 1992    8194.282
 1993    7878.180
 1994    7614.630
 1995    8621.905
 1996    8363.231
 1997    8305.705
 1998    8935.637
 1999    8668.809
 2000    8567.862
 2001    8441.571
 2002    9337.396
 2003    8943.608
 2004    9024.094
 2005    9218.578
 2006    9389.815
 2007    9853.790
 2008    9354.173
 2009    9742.439
 2010    9816.586
 2011    9477.529
 2012    9439.726
 2013    9540.501
 2014    9737.924
 2015   10296.329
 2016    9899.401
 2017   10222.724
 2018   10764.226
 2019   10238.812
Explotación   69
 1970    5426.937
 1971    5721.768
 1972    6205.657
 1973    5568.842
 1974    5239.527
 1975    5078.823
 1976    5762.404
 1977    5342.933
 1978    4911.543
 1979    5181.818
 1980    5329.979
 1981    5101.718
 1982    5333.721
 1983    5252.143
 1984    4797.789
 1985    5100.678
 1986    4384.341
 1987    4539.639
 1988    4278.270
 1989    4072.716
 1990    3952.670
 1991    3978.011
 1992    4517.934
 1993    3637.187
 1994    3544.360
 1995    4038.742
 1996    3754.875
 1997    3424.903
 1998    3220.151
 1999    3590.137
 2000    3565.540
 2001    3797.539
 2002    3637.783
 2003    3252.463
 2004    2813.789
 2005    2641.284
 2006    2984.648
 2007    2539.966
 2008    2405.741
 2009    3106.038
 2010    2639.581
 2011    2532.167
 2012    2849.167
 2013    2306.200
 2014    2287.740
 2015    1663.061
 2016    2304.816
 2017    1924.833
 2018    2183.621
 2019    2261.842
Explotación   70
 1970    4854.530
 1971    4966.197
 1972    5527.088
 1973    5239.087
 1974    5624.496
 1975    5990.935
 1976    5537.339
 1977    5772.533
 1978    6481.751
 1979    6128.951
 1980    6425.293
 1981    5859.740
 1982    6417.251
 1983    6321.808
 1984    7012.726
 1985    7082.987
 1986    6782.280
 1987    6606.037
 1988    7286.946
 1989    7139.825
 1990    7291.314
 1991    7180.777
 1992    7197.968
 1993    6928.633
 1994    7023.636
 1995    7550.998
 1996    7726.906
 1997    8036.926
 1998    7344.618
 1999    7541.102
 2000    7662.018
 2001    7703.193
 2002    8545.148
 2003    8107.249
 2004    8133.083
 2005    8134.497
 2006    8717.829
 2007    8576.600
 2008    8740.832
 2009    8812.594
 2010    8724.989
 2011    9162.440
 2012    9213.910
 2013    9068.487
 2014    8775.800
 2015    9383.652
 2016    9360.564
 2017    9150.775
 2018   10016.372
 2019    9920.194
Explotación   71
 1970    4544.400
 1971    5039.111
 1972    5187.842
 1973    4959.828
 1974    4789.444
 1975    5191.868
 1976    4800.342
 1977    4476.190
 1978    4515.621
 1979    5272.854
 1980    5150.311
 1981    4623.151
 1982    4720.996
 1983    5241.844
 1984    5191.158
 1985    4365.166
 1986    4977.089
 1987    4633.460
 1988    4303.369
 1989    4527.312
 1990    4402.855
 1991    4702.814
 1992    4183.489
 1993    4922.092
 1994    4690.941
 1995    4789.611
 1996    4190.642
 1997    4380.295
 1998    4927.296
 1999    4427.938
 2000    4771.367
 2001    4842.617
 2002    4399.086
 2003    4032.965
 2004    4698.122
 2005    4050.140
 2006    4475.704
 2007    3971.661
 2008    4576.141
 2009    4133.774
 2010    4335.103
 2011    4120.486
 2012    4121.030
 2013    4313.178
 2014    3792.276
 2015    4059.618
 2016    4331.488
 2017    3703.607
 2018    3966.381
 2019    4471.892
Explotación   72
 1970    4563.353
 1971    5175.163
 1972    5627.701
 1973    5675.239
 1974    5875.678
 1975    5878.299
 1976    6176.539
 1977    5927.728
 1978    6389.415
 1979    6187.862
 1980    6936.981
 1981    6595.007
 1982    7269.564
 1983    6796.620
 1984    7242.885
 1985    6864.619
 1986    7583.012
 1987    7844.132
 1988    7720.436
 1989    7983.779
 1990    8238.666
 1991    8347.426
 1992    8509.009
 1993    8474.833
 1994    8306.952
 1995    8967.495
 1996    8945.762
 1997    8916.774
 1998    8943.389
 1999    9491.556
 2000    9770.222
 2001    9523.058
 2002    9675.447
 2003   10136.721
 2004    9988.852
 2005    9979.489
 2006    9866.984
 2007   10241.004
 2008   10608.192
 2009   10171.755
 2010   11203.233
 2011   10505.576
 2012   11203.807
 2013   11596.240
 2014   11440.201
 2015   11135.809
 2016   11458.731
 2017   12039.900
 2018   11971.154
 2019   11807.578
Explotación   73
 1970    4583.142
 1971    5090.237
 1972    4965.878
 1973    5462.419
 1974    5437.373
 1975    5081.374
 1976    5409.021
 1977    4785.585
 1978    5297.845
 1979    5451.258
 1980    5479.471
 1981    5253.781
 1982    5682.760
 1983    5139.721
 1984    4891.945
 1985    5129.864
 1986    5434.022
 1987    5019.007
 1988    5468.326
 1989    5782.552
 1990    5586.898
 1991    5840.886
 1992    5216.385
 1993    5826.240
 1994    5260.778
 1995    5161.552
 1996    6067.544
 1997    5677.606
 1998    5600.679
 1999    5286.677
 2000    5464.590
 2001    5243.105
 2002    5367.349
 2003    6140.021
 2004    6032.209
 2005    5648.487
 2006    6031.965
 2007    5750.766
 2008    6242.477
 2009    6031.856
 2010    5739.676
 2011    5665.595
 2012    6199.972
 2013    6083.229
 2014    5588.656
 2015    5911.796
 2016    6521.756
 2017    5730.808
 2018    5851.976
 2019    5930.695
Explotación   74
 1970    5449.833
 1971    5817.076
 1972    5794.608
 1973    6103.265
 1974    6636.649
 1975    7141.644
 1976    6515.934
 1977    7141.895
 1978    7591.686
 1979    7156.530
 1980    7410.625
 1981    7911.902
 1982    7813.883
 1983    8326.615
 1984    7747.128
 1985    8243.672
 1986    8570.080
 1987    8442.719
 1988    8810.360
 1989    8676.604
 1990    9586.254
 1991    8999.923
 1992    9445.716
 1993    9802.842
 1994    9952.689
 1995   10379.653
 1996   10281.812
 1997    9787.724
 1998   10572.236
 1999   10813.042
 2000   10965.105
 2001   10602.157
 2002   11472.690
 2003   11458.318
 2004   11821.205
 2005   11786.692
 2006   11661.150
 2007   11620.810
 2008   11523.323
 2009   11984.976
 2010   11921.661
 2011   12722.973
 2012   12287.027
 2013   13267.474
 2014   12575.456
 2015   12761.309
 2016   13311.897
 2017   12973.483
 2018   13186.667
 2019   14091.262
Explotación   75
 1970    4618.864
 1971    5109.227
 1972    5336.147
 1973    5248.853
 1974    6148.919
 1975    5630.164
 1976    5968.317
 1977    6368.908
 1978    6154.007
 1979    6389.661
 1980    6072.569
 1981    6785.795
 1982    7022.128
 1983    7127.380
 1984    7164.729
 1985    6945.041
 1986    7699.681
 1987    7004.249
 1988    7929.271
 1989    7842.894
 1990    8156.924
 1991    8128.077
 1992    8347.846
 1993    8055.407
 1994    8119.686
 1995    8502.179
 1996    9133.321
 1997    8796.636
 1998    9190.597
 1999    9542.168
 2000    9469.615
 2001    9119.967
 2002    9645.088
 2003    9410.189
 2004    9544.277
 2005   10221.373
 2006   10206.998
 2007    9686.609
 2008   10579.799
 2009   10472.575
 2010   10406.174
 2011   10464.707
 2012   11293.166
 2013   11258.919
 2014   10728.233
 2015   11564.902
 2016   11517.012
 2017   11678.341
 2018   11192.784
 2019   11522.931
Explotación   76
 1970    5411.027
 1971    5800.092
 1972    6175.463
 1973    6678.799
 1974    5889.022
 1975    6751.521
 1976    6417.635
 1977    6420.759
 1978    6573.651
 1979    6867.999
 1980    6613.606
 1981    6684.292
 1982    7345.612
 1983    6792.560
 1984    7278.192
 1985    6950.822
 1986    7497.853
 1987    8080.769
 1988    7791.867
 1989    7861.777
 1990    7483.592
 1991    7953.251
 1992    8167.180
 1993    8313.663
 1994    7899.208
 1995    8800.742
 1996    8523.810
 1997    8767.811
 1998    8327.156
 1999    8897.582
 2000    8683.708
 2001    8732.104
 2002    8785.458
 2003    9128.214
 2004    9474.595
 2005    9756.180
 2006    8997.864
 2007    9627.942
 2008    9981.760
 2009   10245.070
 2010   10333.864
 2011   10347.330
 2012   10298.024
 2013   10266.180
 2014   10697.755
 2015   10818.425
 2016   10559.717
 2017   10093.859
 2018   11070.204
 2019   11135.456
Explotación   77
 1970    4580.238
 1971    4876.596
 1972    5396.236
 1973    4823.496
 1974    5619.511
 1975    5088.331
 1976    5377.143
 1977    5283.272
 1978    5443.542
 1979    5942.359
 1980    5412.688
 1981    6068.876
 1982    6461.581
 1983    6484.521
 1984    5896.439
 1985    5830.375
 1986    6328.432
 1987    6024.334
 1988    6888.119
 1989    6361.382
 1990    6338.144
 1991    6614.907
 1992    7015.102
 1993    6926.280
 1994    6944.232
 1995    6514.815
 1996    7137.230
 1997    6901.553
 1998    7712.751
 1999    7377.026
 2000    7686.811
 2001    7073.656
 2002    7627.372
 2003    7761.764
 2004    7323.304
 2005    7990.288
 2006    7816.060
 2007    8411.240
 2008    8460.562
 2009    8257.485
 2010    7962.523
 2011    8386.536
 2012    8621.810
 2013    8685.905
 2014    8787.172
 2015    8622.261
 2016    8796.402
 2017    8442.611
 2018    9122.508
 2019    8970.384
Explotación   78
 1970    5139.285
 1971    5988.972
 1972    6118.397
 1973    5605.840
 1974    6297.291
 1975    5744.295
 1976    5791.750
 1977    5595.812
 1978    5717.229
 1979    5605.474
 1980    6581.166
 1981    6266.577
 1982    6209.289
 1983    6624.977
 1984    6312.697
 1985    6081.879
 1986    5965.327
 1987    6299.956
 1988    6659.258
 1989    6684.930
 1990    6382.708
 1991    6189.203
 1992    7176.828
 1993    6437.331
 1994    6941.422
 1995    6448.935
 1996    6462.356
 1997    7260.169
 1998    7351.139
 1999    7520.245
 2000    6912.890
 2001    7346.428
 2002    7071.062
 2003    7222.205
 2004    7726.071
 2005    7437.756
 2006    6966.238
 2007    7404.760
 2008    7888.497
 2009    7283.621
 2010    7376.102
 2011    7935.553
 2012    7878.182
 2013    7876.012
 2014    7651.882
 2015    7938.474
 2016    7929.421
 2017    8020.252
 2018    7857.522
 2019    8092.341
Explotación   79
 1970    4828.674
 1971    5014.101
 1972    5374.228
 1973    5200.681
 1974    4572.222
 1975    5233.802
 1976    4577.955
 1977    4933.091
 1978    4865.170
 1979    4493.600
 1980    4684.177
 1981    4871.683
 1982    4463.741
 1983    4345.936
 1984    4563.085
 1985    4364.427
 1986    3694.389
 1987    3523.053
 1988    4060.699
 1989    3448.285
 1990    3770.243
 1991    4090.011
 1992    3594.898
 1993    3395.097
 1994    3517.536
 1995    3517.313
 1996    2939.596
 1997    3421.514
 1998    3192.812
 1999    2563.738
 2000    2889.244
 2001    2828.117
 2002    2635.573
 2003    2721.974
 2004    3044.669
 2005    2749.760
 2006    2382.837
 2007    2672.674
 2008    2132.684
 2009    2678.872
 2010    1641.030
 2011    1792.643
 2012    2124.761
 2013    2209.481
 2014    2259.127
 2015    1837.653
 2016    1286.903
 2017    2005.112
 2018    1107.582
 2019    1491.670
Explotación   80
 1970    4734.281
 1971    5383.213
 1972    4955.845
 1973    5719.119
 1974    5593.279
 1975    5142.117
 1976    5990.013
 1977    6115.940
 1978    6110.834
 1979    5831.896
 1980    6251.443
 1981    6116.914
 1982    6633.348
 1983    5866.911
 1984    5907.079
 1985    6541.460
 1986    6126.002
 1987    7051.792
 1988    6341.291
 1989    6491.791
 1990    6465.031
 1991    7261.902
 1992    6811.853
 1993    7363.402
 1994    6783.878
 1995    7267.887
 1996    7540.473
 1997    7423.168
 1998    7426.106
 1999    7342.484
 2000    7448.038
 2001    8021.285
 2002    8105.708
 2003    7542.586
 2004    7699.753
 2005    7747.526
 2006    8192.066
 2007    8117.277
 2008    8678.686
 2009    7805.438
 2010    8674.850
 2011    8402.892
 2012    8137.178
 2013    8828.672
 2014    8308.685
 2015    8417.139
 2016    8729.530
 2017    8624.192
 2018    8763.333
 2019    8842.812
Explotación   81
 1970    5048.539
 1971    5119.457
 1972    5962.424
 1973    5737.530
 1974    5944.225
 1975    5872.152
 1976    5551.096
 1977    5558.302
 1978    5677.794
 1979    5978.580
 1980    5298.180
 1981    5815.103
 1982    5751.977
 1983    5804.095
 1984    5755.223
 1985    5362.744
 1986    5981.312
 1987    5261.387
 1988    5481.417
 1989    5537.934
 1990    5409.361
 1991    5503.567
 1992    5814.032
 1993    5808.278
 1994    5101.450
 1995    5460.570
 1996    5190.527
 1997    5580.359
 1998    5502.140
 1999    5874.026
 2000    5177.655
 2001    5272.865
 2002    5456.778
 2003    5502.278
 2004    5224.365
 2005    5343.008
 2006    5384.878
 2007    5087.495
 2008    4978.674
 2009    5029.646
 2010    5722.552
 2011    5399.395
 2012    5091.322
 2013    5330.175
 2014    5733.381
 2015    5423.446
 2016    5360.469
 2017    5907.712
 2018    5421.078
 2019    5561.368
Explotación   82
 1970    5013.853
 1971    5940.188
 1972    5299.347
 1973    5039.707
 1974    5629.604
 1975    5390.771
 1976    5690.889
 1977    5126.188
 1978    5555.849
 1979    5228.910
 1980    5731.159
 1981    5380.124
 1982    5895.695
 1983    5466.617
 1984    5313.991
 1985    5480.195
 1986    5237.759
 1987    5976.821
 1988    5747.521
 1989    5256.821
 1990    5434.349
 1991    5497.658
 1992    5883.999
 1993    5489.823
 1994    5930.170
 1995    5204.060
 1996    5835.429
 1997    5604.214
 1998    5941.737
 1999    6048.922
 2000    5870.337
 2001    5745.882
 2002    5396.548
 2003    5499.249
 2004    5939.711
 2005    6168.097
 2006    5994.374
 2007    5591.481
 2008    5543.750
 2009    5678.668
 2010    5615.604
 2011    6037.245
 2012    5931.384
 2013    6084.106
 2014    6250.859
 2015    6220.060
 2016    5935.766
 2017    6170.689
 2018    5885.264
 2019    6101.225
Explotación   83
 1970    5319.522
 1971    5528.494
 1972    5956.625
 1973    5887.152
 1974    6581.840
 1975    6538.665
 1976    6206.676
 1977    6806.067
 1978    7090.043
 1979    7211.258
 1980    6805.098
 1981    6791.083
 1982    7570.599
 1983    7230.658
 1984    7166.986
 1985    7364.657
 1986    7943.682
 1987    7951.010
 1988    8436.188
 1989    8147.163
 1990    7835.838
 1991    8725.300
 1992    8253.181
 1993    8670.157
 1994    9121.464
 1995    8567.212
 1996    8573.443
 1997    9640.153
 1998    9162.042
 1999    9863.938
 2000    9954.033
 2001    9524.129
 2002    9457.431
 2003    9767.562
 2004   10492.737
 2005    9847.624
 2006   10738.727
 2007   10840.479
 2008   10324.180
 2009   10202.249
 2010   11251.439
 2011   11321.289
 2012   10612.230
 2013   10773.010
 2014   11324.240
 2015   11190.677
 2016   11706.443
 2017   11542.658
 2018   12134.277
 2019   11797.841
Explotación   84
 1970    4628.398
 1971    5043.063
 1972    5788.381
 1973    6004.294
 1974    5538.126
 1975    6326.530
 1976    6700.652
 1977    6248.880
 1978    6977.688
 1979    6713.271
 1980    7344.333
 1981    7257.154
 1982    7724.341
 1983    7410.282
 1984    7690.093
 1985    8151.272
 1986    8844.672
 1987    8485.606
 1988    8351.251
 1989    8907.242
 1990    9127.499
 1991    9655.357
 1992   10038.605
 1993    9947.927
 1994    9591.261
 1995    9792.361
 1996   10353.970
 1997   10972.097
 1998   10504.710
 1999   10815.692
 2000   11170.961
 2001   11839.852
 2002   11551.236
 2003   11456.984
 2004   12040.589
 2005   12361.646
 2006   12057.413
 2007   12472.857
 2008   12504.691
 2009   13202.689
 2010   13138.146
 2011   13034.766
 2012   14183.239
 2013   14242.294
 2014   14446.196
 2015   14100.843
 2016   14449.306
 2017   14727.976
 2018   14996.322
 2019   14757.263
Explotación   85
 1970    5202.109
 1971    5364.161
 1972    5430.673
 1973    5890.598
 1974    5450.296
 1975    5892.692
 1976    5849.922
 1977    5593.537
 1978    6131.551
 1979    6142.115
 1980    6294.195
 1981    5895.875
 1982    5914.425
 1983    6294.114
 1984    6328.909
 1985    5723.961
 1986    5958.778
 1987    6126.283
 1988    5991.823
 1989    5714.370
 1990    6156.228
 1991    6058.496
 1992    6080.447
 1993    5617.184
 1994    6139.465
 1995    5720.436
 1996    5703.758
 1997    5995.196
 1998    5795.898
 1999    5795.772
 2000    6269.386
 2001    5887.086
 2002    6181.020
 2003    5929.449
 2004    6376.986
 2005    5722.868
 2006    6565.751
 2007    6502.164
 2008    6383.719
 2009    6282.975
 2010    6665.139
 2011    6308.247
 2012    6620.166
 2013    6635.639
 2014    6289.406
 2015    6747.871
 2016    6781.552
 2017    6444.212
 2018    6377.722
 2019    6473.370
Explotación   86
 1970    5263.294
 1971    6341.069
 1972    6198.855
 1973    5660.869
 1974    6391.417
 1975    6374.636
 1976    5986.935
 1977    6545.254
 1978    6876.961
 1979    6538.125
 1980    7378.197
 1981    7131.456
 1982    6815.109
 1983    7626.734
 1984    7268.621
 1985    7124.477
 1986    7146.246
 1987    7665.705
 1988    7877.662
 1989    7903.689
 1990    7992.305
 1991    8029.397
 1992    8085.665
 1993    8426.370
 1994    8332.512
 1995    8505.340
 1996    8890.284
 1997    9305.864
 1998    8618.842
 1999    9484.479
 2000    8900.909
 2001    9519.394
 2002    9046.466
 2003    9207.125
 2004   10055.747
 2005    9505.396
 2006   10404.376
 2007   10225.192
 2008   10336.216
 2009    9963.568
 2010   10541.158
 2011   10759.542
 2012   10796.743
 2013   10691.879
 2014   10888.211
 2015   11309.645
 2016   11000.169
 2017   11309.682
 2018   10937.763
 2019   11759.677
Explotación   87
 1970    4734.822
 1971    5577.906
 1972    4977.548
 1973    5161.601
 1974    5957.460
 1975    5392.500
 1976    5521.773
 1977    5632.061
 1978    5651.514
 1979    6020.749
 1980    6164.255
 1981    6492.528
 1982    6190.761
 1983    6820.293
 1984    6782.125
 1985    6692.932
 1986    7055.163
 1987    7487.845
 1988    6994.175
 1989    7299.079
 1990    7229.194
 1991    7101.684
 1992    7446.749
 1993    7373.398
 1994    7987.937
 1995    7951.008
 1996    7713.486
 1997    8100.062
 1998    8702.983
 1999    8417.395
 2000    8948.659
 2001    8335.562
 2002    8426.318
 2003    9174.701
 2004    8646.678
 2005    8588.785
 2006    9000.880
 2007    9492.796
 2008    9555.574
 2009    9079.420
 2010    9772.693
 2011   10053.858
 2012   10006.368
 2013   10251.475
 2014   10183.514
 2015   10359.436
 2016   10503.515
 2017   10464.789
 2018   10002.643
 2019   10131.340
Explotación   88
 1970    4932.435
 1971    5810.470
 1972    5672.333
 1973    6428.714
 1974    6323.286
 1975    6803.553
 1976    6070.403
 1977    6424.252
 1978    6987.350
 1979    7384.643
 1980    7093.936
 1981    7593.483
 1982    7897.612
 1983    7809.157
 1984    8540.532
 1985    8185.387
 1986    8672.410
 1987    8482.479
 1988    8733.784
 1989    8811.301
 1990    9043.560
 1991    9026.134
 1992    9573.030
 1993    9678.250
 1994    9515.288
 1995   10019.442
 1996   10762.091
 1997   10868.374
 1998   10574.554
 1999   10761.984
 2000   11309.453
 2001   11020.992
 2002   11285.331
 2003   11430.107
 2004   12104.183
 2005   11700.683
 2006   12480.938
 2007   12641.648
 2008   12108.541
 2009   12607.498
 2010   12973.101
 2011   13072.851
 2012   12984.494
 2013   13375.771
 2014   14001.651
 2015   13577.064
 2016   13952.264
 2017   14339.718
 2018   14690.022
 2019   14661.979
Explotación   89
 1970    4872.903
 1971    5151.019
 1972    5163.983
 1973    5042.717
 1974    5893.398
 1975    5269.985
 1976    5544.614
 1977    5212.559
 1978    5340.855
 1979    5605.217
 1980    5715.150
 1981    5333.734
 1982    5862.429
 1983    5607.076
 1984    5869.301
 1985    6073.425
 1986    5759.104
 1987    5946.237
 1988    6074.296
 1989    6337.489
 1990    5805.536
 1991    6247.991
 1992    5565.940
 1993    6322.598
 1994    6452.487
 1995    6472.928
 1996    6003.025
 1997    6337.046
 1998    6199.598
 1999    6093.691
 2000    6096.850
 2001    6153.827
 2002    5756.846
 2003    6680.281
 2004    5823.929
 2005    6090.955
 2006    5984.938
 2007    6134.835
 2008    6438.194
 2009    5967.733
 2010    5915.878
 2011    6376.009
 2012    6764.590
 2013    6634.587
 2014    6656.125
 2015    6608.470
 2016    6664.330
 2017    6471.032
 2018    6692.505
 2019    6980.023
Explotación   90
 1970    4628.671
 1971    4789.660
 1972    5740.256
 1973    5694.996
 1974    5296.056
 1975    5597.695
 1976    5524.779
 1977    5328.992
 1978    6017.996
 1979    5397.951
 1980    5571.519
 1981    6018.833
 1982    6310.234
 1983    6188.804
 1984    6593.312
 1985    6453.124
 1986    6591.380
 1987    6555.745
 1988    6921.518
 1989    6758.467
 1990    6655.013
 1991    7179.477
 1992    7124.328
 1993    6528.743
 1994    6813.325
 1995    7077.886
 1996    6847.842
 1997    7784.263
 1998    7493.804
 1999    7036.999
 2000    7797.467
 2001    7283.025
 2002    7341.245
 2003    8117.275
 2004    8151.696
 2005    7949.613
 2006    7828.891
 2007    8140.602
 2008    8353.588
 2009    8296.743
 2010    8203.470
 2011    8832.354
 2012    8773.525
 2013    8337.117
 2014    8897.982
 2015    8659.898
 2016    8464.748
 2017    8863.567
 2018    9104.337
 2019    9002.140
Explotación   91
 1970    5496.566
 1971    6229.848
 1972    5670.241
 1973    6250.814
 1974    5844.672
 1975    5717.402
 1976    5593.420
 1977    5731.001
 1978    5956.083
 1979    5802.890
 1980    6005.453
 1981    6369.184
 1982    5504.823
 1983    6088.098
 1984    6099.621
 1985    5671.455
 1986    6373.417
 1987    6151.920
 1988    6365.695
 1989    6185.276
 1990    5775.824
 1991    6031.033
 1992    6217.870
 1993    6292.460
 1994    5836.488
 1995    6202.634
 1996    5931.577
 1997    6164.437
 1998    5746.775
 1999    6010.610
 2000    6189.711
 2001    6243.514
 2002    5414.771
 2003    5621.597
 2004    5655.673
 2005    6268.509
 2006    6103.235
 2007    6254.404
 2008    5842.899
 2009    5584.742
 2010    5647.327
 2011    5412.465
 2012    5995.425
 2013    5711.119
 2014    5265.538
 2015    5292.157
 2016    5579.143
 2017    5850.214
 2018    5651.978
 2019    5797.296
Explotación   92
 1970    5371.420
 1971    5644.341
 1972    5959.882
 1973    6651.401
 1974    6419.193
 1975    7119.662
 1976    7289.500
 1977    7176.790
 1978    7262.693
 1979    7428.101
 1980    7852.817
 1981    8461.771
 1982    8553.718
 1983    8313.922
 1984    8473.388
 1985    9018.628
 1986    9292.936
 1987    8978.271
 1988    9822.829
 1989    9718.122
 1990   10301.057
 1991   10087.938
 1992   10602.371
 1993   10097.243
 1994   10834.050
 1995   10734.731
 1996   10892.841
 1997   11630.312
 1998   11720.118
 1999   11507.801
 2000   11506.255
 2001   11930.169
 2002   12054.164
 2003   12432.535
 2004   12132.912
 2005   12776.671
 2006   12847.576
 2007   12940.493
 2008   12999.378
 2009   14074.936
 2010   13394.229
 2011   14162.371
 2012   13733.704
 2013   14528.402
 2014   14436.479
 2015   14873.692
 2016   14521.805
 2017   14771.594
 2018   15381.910
 2019   15373.704
Explotación   93
 1970    5059.297
 1971    5329.616
 1972    5827.585
 1973    5772.424
 1974    5251.137
 1975    5549.615
 1976    5651.613
 1977    5512.052
 1978    5481.927
 1979    4755.377
 1980    5207.128
 1981    5364.939
 1982    5264.460
 1983    5097.563
 1984    4634.824
 1985    4953.322
 1986    4523.801
 1987    4144.638
 1988    4130.828
 1989    4596.484
 1990    4453.922
 1991    4000.880
 1992    4292.812
 1993    4357.678
 1994    4145.146
 1995    3695.261
 1996    4054.444
 1997    4430.999
 1998    3753.588
 1999    4087.369
 2000    3526.300
 2001    4211.854
 2002    3894.853
 2003    3640.755
 2004    3589.506
 2005    3819.182
 2006    3567.249
 2007    3902.520
 2008    3379.125
 2009    3258.853
 2010    3419.115
 2011    3524.009
 2012    3050.956
 2013    3028.860
 2014    3231.577
 2015    2873.764
 2016    2692.027
 2017    2806.953
 2018    2953.903
 2019    3309.583
Explotación   94
 1970    5030.951
 1971    5511.745
 1972    5992.182
 1973    5837.112
 1974    5723.212
 1975    6538.008
 1976    5942.593
 1977    5945.226
 1978    6336.500
 1979    6631.541
 1980    6511.031
 1981    7240.564
 1982    6636.977
 1983    7288.285
 1984    6963.676
 1985    7396.784
 1986    7769.941
 1987    7577.597
 1988    7980.361
 1989    7367.403
 1990    7530.593
 1991    8390.399
 1992    8292.675
 1993    7971.769
 1994    8656.186
 1995    8778.511
 1996    8832.355
 1997    8940.994
 1998    8974.474
 1999    8796.798
 2000    8745.071
 2001    9511.958
 2002    9730.010
 2003    9639.305
 2004    9310.582
 2005    9600.425
 2006   10127.412
 2007   10352.917
 2008    9533.082
 2009    9715.053
 2010   10226.912
 2011   10179.899
 2012   10195.836
 2013   10165.921
 2014   10518.441
 2015   10477.863
 2016   10602.552
 2017   11392.298
 2018   10791.217
 2019   11565.649
Explotación   95
 1970    5202.431
 1971    5392.127
 1972    5710.357
 1973    6362.111
 1974    6539.305
 1975    6797.485
 1976    6190.807
 1977    6892.619
 1978    6392.229
 1979    6493.010
 1980    7477.547
 1981    6739.072
 1982    7348.694
 1983    7432.783
 1984    7847.374
 1985    8033.502
 1986    7454.500
 1987    8319.073
 1988    8349.064
 1989    8568.211
 1990    8911.659
 1991    8414.294
 1992    8330.266
 1993    9233.339
 1994    9331.708
 1995    8773.586
 1996    9566.553
 1997    9127.400
 1998    9444.490
 1999    9918.735
 2000    9714.460
 2001    9603.688
 2002   10014.598
 2003   10328.104
 2004   10587.353
 2005   10924.856
 2006   10494.254
 2007   10542.515
 2008   10786.018
 2009   11500.984
 2010   11100.534
 2011   10900.545
 2012   11824.498
 2013   11848.944
 2014   11886.493
 2015   12118.229
 2016   12049.434
 2017   11960.511
 2018   12596.093
 2019   12974.448
Explotación   96
 1970    4506.784
 1971    4499.477
 1972    5029.593
 1973    5129.952
 1974    4281.799
 1975    4794.888
 1976    4703.001
 1977    4794.743
 1978    4123.454
 1979    4188.932
 1980    4100.829
 1981    3781.242
 1982    3904.819
 1983    4298.338
 1984    3592.003
 1985    3651.615
 1986    3961.128
 1987    3380.088
 1988    3262.319
 1989    3351.419
 1990    3273.177
 1991    3692.588
 1992    3161.061
 1993    3195.887
 1994    2957.345
 1995    3205.332
 1996    2546.838
 1997    2662.238
 1998    2616.996
 1999    2654.608
 2000    2229.627
 2001    1993.535
 2002    2415.041
 2003    2091.593
 2004    2333.975
 2005    2466.915
 2006    2213.579
 2007    1822.135
 2008    2243.191
 2009    1366.593
 2010    1805.016
 2011    1797.558
 2012    1888.404
 2013    1163.806
 2014    1263.729
 2015    1098.468
 2016     987.289
 2017     811.522
 2018    1135.425
 2019    1390.862
Explotación   97
 1970    5065.249
 1971    5926.138
 1972    5494.562
 1973    5492.433
 1974    5222.345
 1975    5366.773
 1976    5278.801
 1977    5228.020
 1978    5257.353
 1979    4778.252
 1980    5039.910
 1981    5227.642
 1982    4935.308
 1983    5190.566
 1984    4823.479
 1985    4693.053
 1986    5135.407
 1987    4292.346
 1988    4469.715
 1989    5018.853
 1990    4892.110
 1991    4234.150
 1992    4410.510
 1993    3998.153
 1994    4020.040
 1995    4373.291
 1996    3976.143
 1997    4620.452
 1998    4038.708
 1999    4170.628
 2000    3866.331
 2001    4036.797
 2002    3578.341
 2003    3803.875
 2004    3872.038
 2005    4001.242
 2006    4035.119
 2007    3922.106
 2008    4018.469
 2009    4094.915
 2010    3434.879
 2011    3721.575
 2012    3716.574
 2013    3169.511
 2014    3204.703
 2015    3175.559
 2016    2868.708
 2017    3128.531
 2018    3470.647
 2019    2923.096
Explotación   98
 1970    4631.889
 1971    5693.878
 1972    5148.959
 1973    5242.769
 1974    5439.867
 1975    5618.041
 1976    5746.884
 1977    5748.202
 1978    6457.649
 1979    5676.818
 1980    5798.834
 1981    6064.827
 1982    6172.468
 1983    6830.146
 1984    6987.752
 1985    6407.629
 1986    6823.617
 1987    6891.309
 1988    7128.612
 1989    7026.469
 1990    6857.447
 1991    7652.938
 1992    7011.752
 1993    7162.929
 1994    7534.651
 1995    7628.073
 1996    8301.375
 1997    8051.638
 1998    8274.479
 1999    8119.932
 2000    8174.358
 2001    8460.416
 2002    8789.872
 2003    8509.285
 2004    8229.098
 2005    8668.279
 2006    8533.159
 2007    9125.438
 2008    9081.729
 2009    9013.536
 2010    9449.562
 2011    9276.061
 2012    9799.551
 2013    9648.754
 2014    9757.231
 2015    9491.849
 2016    9749.786
 2017   10460.456
 2018   10229.479
 2019   10752.578
Explotación   99
 1970    4634.882
 1971    4938.284
 1972    5703.971
 1973    6206.891
 1974    6380.612
 1975    5700.393
 1976    5861.782
 1977    6927.902
 1978    6808.704
 1979    7026.145
 1980    7160.370
 1981    7689.272
 1982    7545.996
 1983    8093.533
 1984    8141.690
 1985    8127.811
 1986    8443.906
 1987    8655.567
 1988    8649.649
 1989    8779.746
 1990    8915.496
 1991    9056.012
 1992    9299.064
 1993    9884.562
 1994    9940.486
 1995   10457.391
 1996   10674.685
 1997   10310.881
 1998   10477.026
 1999   10471.405
 2000   10611.186
 2001   11479.738
 2002   11853.808
 2003   11422.255
 2004   11914.722
 2005   12402.692
 2006   12319.569
 2007   12878.725
 2008   12182.186
 2009   13075.103
 2010   12899.789
 2011   13017.578
 2012   13297.074
 2013   13382.808
 2014   13904.232
 2015   14079.554
 2016   14301.720
 2017   14850.686
 2018   14918.135
 2019   15138.360
Explotación  100
 1970    4994.877
 1971    5053.066
 1972    5353.984
 1973    5234.670
 1974    5277.251
 1975    5284.878
 1976    5826.407
 1977    5641.529
 1978    5741.891
 1979    5886.512
 1980    5885.770
 1981    5762.398
 1982    5603.666
 1983    6127.152
 1984    5720.687
 1985    5608.488
 1986    6237.405
 1987    5782.526
 1988    5976.795
 1989    6408.947
 1990    5939.425
 1991    6029.201
 1992    6235.870
 1993    6071.392
 1994    6046.612
 1995    5918.107
 1996    6493.031
 1997    6589.803
 1998    6384.916
 1999    6185.988
 2000    6154.115
 2001    6812.914
 2002    6595.888
 2003    6393.605
 2004    5987.636
 2005    6199.274
 2006    6552.761
 2007    6961.171
 2008    6465.699
 2009    6419.176
 2010    6838.742
 2011    6841.672
 2012    6443.208
 2013    6802.011
 2014    6557.717
 2015    7049.253
 2016    6659.103
 2017    6752.283
 2018    7164.984
 2019    6783.009
